91
Acipenser_transmontanus_KC250344.1_540.00000       0.0000000 0.1249620 0.1099668 0.1492785 0.1379723 0.1257834 0.3280582 0.2495963 0.4543688 0.4627270 0.4333736 0.1375005 0.3231791 0.4438682 0.4160422 0.4160422 0.3225235 0.2928677 0.3154358 0.3154358 0.3357459 0.2730005 0.3657994 0.4957723 0.3848596 0.2583655 0.2169809 0.4036194 0.3595504 0.3128831 0.3128831 0.4568839 0.3286907 0.7123622 0.3488963 0.4616739 0.3902484 0.4721747 0.4090121 0.4333736 0.3786700 0.3786700 0.3841275 0.1456180 0.1648280 0.2186155 0.2510294 0.1681394 0.1595102 0.3974791 0.5333319 0.3681929 0.7245690 0.3876685 0.5110795 0.2063838 0.2218942 0.3325866 0.3551250 0.2730005 0.3551250 0.2838667 0.2786622 0.2838667 0.2699911 0.2872514 0.3030760 0.3097429 0.2699911 0.3210758 0.2699911 0.2621201 0.2730005 0.2838667 0.2958623 0.3030760 0.2699911 0.3555426 0.2903820 0.3231665 0.2864578 0.2698451 0.2699911 0.3657846 0.2872514 0.2786961 0.2698451 0.2944936 0.3232380 0.2735932 0.2735932 
Amia_calva_AF137208.1_527.00000                    0.1249620 0.0000000 0.1969022 0.2199581 0.1856468 0.2055400 0.2769487 0.3083833 0.3495430 0.3902607 0.4039370 0.2269417 0.3289714 0.4197492 0.4244790 0.4132616 0.2715802 0.3266814 0.3166791 0.3166791 0.3403401 0.3265377 0.3593188 0.4248114 0.3858376 0.2981173 0.3535137 0.3879939 0.3371063 0.3329059 0.3228956 0.4794682 0.3602639 0.4715355 0.3573397 0.3800282 0.4110580 0.4209223 0.3930807 0.3923354 0.3908147 0.3997492 0.3636209 0.2461015 0.2753706 0.2454438 0.2898842 0.2809333 0.2691972 0.3932793 0.5098142 0.4999746 0.5305586 0.3077524 0.4351292 0.2778185 0.1820650 0.3606477 0.3399661 0.3250613 0.3399661 0.3115088 0.3047449 0.3265496 0.3385759 0.3389699 0.3179756 0.3195319 0.3271425 0.3447282 0.3281503 0.3041995 0.3265377 0.3181901 0.3049505 0.3157405 0.3265545 0.3160577 0.3440120 0.3061250 0.3221967 0.3547129 0.3502207 0.3334328 0.3389699 0.3111844 0.3301975 0.3571486 0.3411100 0.3338829 0.3428556 
Gymnothorax_favagineus_HQ444181.1_488.00000        0.1099668 0.1969022 0.0000000 0.0240032 0.0197866 0.0131637 0.1884168 0.1955795 0.2770617 0.2847780 0.2533037 0.3237092 0.1977558 0.3098643 0.3161267 0.2701325 0.2201355 0.2386285 0.2273380 0.2273380 0.2732339 0.2387833 0.2712589 0.3274572 0.2795899 0.1865994 0.4124894 0.2884107 0.2301532 0.2262776 0.2188368 0.3692779 0.2911535 0.4394643 0.2650033 0.2933845 0.2771823 0.2832184 0.2482667 0.2517003 0.3215518 0.3191122 0.2835366 0.2641447 0.2674669 0.0996421 0.2716065 0.3317677 0.2469698 0.2944774 0.4574977 0.3582354 0.3849974 0.2934081 0.3112602 0.3220535 0.1708410 0.2248814 0.2325648 0.2418322 0.2550090 0.2557579 0.2486760 0.2370574 0.2521444 0.2715847 0.2370497 0.2482979 0.2402490 0.2900731 0.2268916 0.2550516 0.2556854 0.2471424 0.2408178 0.2422560 0.2400730 0.2583932 0.2765722 0.2443311 0.2597253 0.2281429 0.2255670 0.2685841 0.2480315 0.2452689 0.2635754 0.2480510 0.2113257 0.2259739 0.2391828 
Gymnothorax_reticularis_HQ444182.1_486.00000       0.1492785 0.2199581 0.0240032 0.0000000 0.0304290 0.0236235 0.1663015 0.2043813 0.2799902 0.2991349 0.2608569 0.3389106 0.1848669 0.3072749 0.2979371 0.2559627 0.2078907 0.2262603 0.2125511 0.2125511 0.2637502 0.2274027 0.2697376 0.3249219 0.2694898 0.1816229 0.4293055 0.2694000 0.2378370 0.2339259 0.2263052 0.3587159 0.2860568 0.4197096 0.2594138 0.3077131 0.2800185 0.2839470 0.2576881 0.2594079 0.3297851 0.3273434 0.2924908 0.2881100 0.2917907 0.1019231 0.3052196 0.3435807 0.2754218 0.2867660 0.4443668 0.3520225 0.3825630 0.3039059 0.3028145 0.3414012 0.1770041 0.2059007 0.2210985 0.2294649 0.2419909 0.2512400 0.2318619 0.2326649 0.2475428 0.2667690 0.2246592 0.2359380 0.2398347 0.2792186 0.2157890 0.2504577 0.2429091 0.2348261 0.2243121 0.2298271 0.2277431 0.2453237 0.2633397 0.2337667 0.2469085 0.2169995 0.2145788 0.2503269 0.2438327 0.2411006 0.2505457 0.2438272 0.2004150 0.2219621 0.2350279 
Rhinomuraena_quaesita_HQ444180.1_498.00000         0.1379723 0.1856468 0.0197866 0.0304290 0.0000000 0.0196490 0.1794197 0.1982887 0.2728470 0.2872228 0.2482830 0.3226227 0.1960144 0.2918869 0.2845901 0.2446454 0.1958876 0.2377532 0.2268068 0.2268068 0.2639659 0.2379743 0.2661786 0.3071148 0.2598857 0.1981312 0.4193751 0.2751278 0.2205670 0.2168029 0.2097071 0.3554518 0.2772047 0.4089058 0.2640456 0.2957144 0.2756695 0.2856735 0.2510731 0.2545243 0.3276199 0.3252067 0.2791617 0.2718361 0.2812437 0.1039726 0.2970316 0.3384985 0.2603330 0.2943819 0.4404343 0.3626697 0.3900589 0.2719116 0.3094530 0.3131127 0.1764770 0.2177925 0.2211648 0.2408802 0.2417726 0.2545867 0.2475517 0.2473468 0.2705944 0.2783409 0.2362112 0.2365077 0.2506312 0.2878812 0.2263713 0.2538642 0.2543791 0.2381305 0.2289893 0.2412892 0.2504196 0.2450628 0.2742290 0.2449791 0.2583260 0.2379338 0.2353200 0.2546938 0.2544679 0.2517248 0.2620695 0.2541434 0.2109557 0.2431737 0.2563972 
Strophidon_sathete_HQ444183.1_487.00000            0.1257834 0.2055400 0.0131637 0.0236235 0.0196490 0.0000000 0.1864777 0.1934246 0.2848017 0.2884472 0.2495213 0.3385199 0.1955044 0.2935084 0.2907524 0.2495162 0.2123330 0.2330192 0.2224418 0.2224418 0.2695278 0.2336193 0.2731575 0.3237136 0.2705614 0.1880975 0.4200844 0.2847664 0.2250117 0.2212130 0.2139899 0.3576240 0.2847986 0.4206124 0.2591249 0.2969252 0.2730789 0.2868955 0.2523305 0.2557989 0.3247717 0.3223649 0.2913474 0.2796233 0.2799244 0.0970501 0.2842720 0.3458618 0.2589463 0.2908374 0.4489570 0.3498332 0.3858679 0.2872324 0.3078057 0.3222456 0.1643754 0.2221637 0.2274429 0.2361793 0.2488773 0.2578542 0.2428584 0.2393793 0.2543348 0.2735720 0.2314517 0.2425607 0.2346114 0.2854952 0.2220054 0.2571934 0.2496584 0.2414403 0.2270638 0.2365692 0.2344604 0.2521915 0.2700620 0.2385348 0.2536264 0.2232222 0.2207483 0.2620452 0.2500895 0.2473514 0.2573261 0.2501210 0.2068064 0.2282567 0.2413475 
Atherina_boyeri_JF309697.1_511.00000               0.3280582 0.2769487 0.1884168 0.1663015 0.1794197 0.1864777 0.0000000 0.0781404 0.1460008 0.1662004 0.1694406 0.3270724 0.1874011 0.2284781 0.2524395 0.2524395 0.2504122 0.1119937 0.1140353 0.1140353 0.1656303 0.1277660 0.1553145 0.2192661 0.1755392 0.1150280 0.4729324 0.1560497 0.2166050 0.2032522 0.2032522 0.2584510 0.2014820 0.2517552 0.1422946 0.1592771 0.1874526 0.1520993 0.1504277 0.1476494 0.2016854 0.2061567 0.1436761 0.3474305 0.2920016 0.1959369 0.3054291 0.3614323 0.3406678 0.1768992 0.3114296 0.3001538 0.2983243 0.2380763 0.2645044 0.3787475 0.2607749 0.2120547 0.1125311 0.1324950 0.1125311 0.1429620 0.1200534 0.1368772 0.1439736 0.1535077 0.1124132 0.1291814 0.1436023 0.1611543 0.1218118 0.1459985 0.1277660 0.1267801 0.1325201 0.1117468 0.1323570 0.1024516 0.1380899 0.1270751 0.1322552 0.1631765 0.1471683 0.0966579 0.1535077 0.1535616 0.1483312 0.1338118 0.1285961 0.1514630 0.1434169 
Belone_belone_AY141268.1_509.00000                 0.2495963 0.3083833 0.1955795 0.2043813 0.1982887 0.1934246 0.0781404 0.0000000 0.1736883 0.1713955 0.1482930 0.3458009 0.2296920 0.2392450 0.2715208 0.2715208 0.2828304 0.1266469 0.1384029 0.1384029 0.1739062 0.1380457 0.1571101 0.2132092 0.1667826 0.1017326 0.4797675 0.1406261 0.2489040 0.2339030 0.2339030 0.2175261 0.1835790 0.2059618 0.1133311 0.1638829 0.1857632 0.1532816 0.1403204 0.1301833 0.1895844 0.1944519 0.1716038 0.3693912 0.2950803 0.2239324 0.3091918 0.3958233 0.3580081 0.1733348 0.3390629 0.2977626 0.3066500 0.2573581 0.2742815 0.4270255 0.2405861 0.2446967 0.1193222 0.1371117 0.1193222 0.1514729 0.1303472 0.1459861 0.1409568 0.1402243 0.1307210 0.1397403 0.1474216 0.1690430 0.1417311 0.1368542 0.1380457 0.1403599 0.1468188 0.1307210 0.1411205 0.1199428 0.1352409 0.1299725 0.1429184 0.1453869 0.1532148 0.1248261 0.1402243 0.1400722 0.1357496 0.1351704 0.1309517 0.1423813 0.1449373 
Myripristis_berndti_U57538.1_495.00000             0.4543688 0.3495430 0.2770617 0.2799902 0.2728470 0.2848017 0.1460008 0.1736883 0.0000000 0.0836478 0.1050780 0.4698625 0.2434836 0.3586265 0.3732806 0.3138089 0.3133270 0.1957939 0.1814491 0.1814491 0.2267419 0.1947941 0.2101459 0.2741145 0.2273189 0.1572228 0.5572249 0.2121493 0.3188180 0.3106032 0.3075686 0.2919764 0.2344369 0.3338872 0.2428289 0.0945968 0.1430621 0.1061105 0.1003076 0.1043373 0.1442320 0.1394979 0.0342926 0.4715670 0.4350949 0.2696525 0.4568589 0.5079444 0.4351135 0.2166005 0.3967008 0.3273951 0.3273563 0.2752340 0.3158689 0.5262693 0.3309262 0.2108665 0.1951328 0.1998679 0.2018927 0.2104764 0.1811569 0.2080471 0.2092247 0.2102705 0.1695242 0.2071253 0.1998419 0.2396505 0.1942659 0.1890897 0.2060788 0.1937486 0.2176385 0.1844406 0.2029430 0.1898471 0.2086086 0.1927446 0.2023593 0.2211209 0.2138038 0.2026151 0.2025157 0.2128301 0.2185366 0.2073629 0.2072806 0.2166994 0.2086407 
Neoniphon_sammara_U57536.1_502.00000               0.4627270 0.3902607 0.2847780 0.2991349 0.2872228 0.2884472 0.1662004 0.1713955 0.0836478 0.0000000 0.0666260 0.4174635 0.2702685 0.3600777 0.3745791 0.3179651 0.3311571 0.1793097 0.1732045 0.1732045 0.2020638 0.1812434 0.1889373 0.2645584 0.2178792 0.1626713 0.5731708 0.1767624 0.3031941 0.2950617 0.2922267 0.2806052 0.2244921 0.2935019 0.2102832 0.0119319 0.0964303 0.0505372 0.0678439 0.0626960 0.0876647 0.0835086 0.0895160 0.4951021 0.4251471 0.2960553 0.4526785 0.4994904 0.4433792 0.1848306 0.4057808 0.3045087 0.3433386 0.2574075 0.3382123 0.4964264 0.3537078 0.2171670 0.1802546 0.1984431 0.1891207 0.2142103 0.1902884 0.2068356 0.1976772 0.2056147 0.1739985 0.2146655 0.2027373 0.2152448 0.1842945 0.1773058 0.1947988 0.2012262 0.1989042 0.1837995 0.1976208 0.1751527 0.2058919 0.2039701 0.1984137 0.2112344 0.2006696 0.1874470 0.1947934 0.2111729 0.2109714 0.1868170 0.1874157 0.2020333 0.1758611 
Sargocentron_xantherythrum_U57546.1_490.00000      0.4333736 0.4039370 0.2533037 0.2608569 0.2482830 0.2495213 0.1694406 0.1482930 0.1050780 0.0666260 0.0000000 0.4496210 0.2533723 0.3346403 0.3374354 0.2921341 0.3053561 0.1693339 0.1613887 0.1613887 0.1988660 0.1696058 0.1792959 0.2542748 0.2036467 0.1583165 0.5795402 0.1485895 0.3097907 0.3016992 0.2988077 0.2352208 0.2055890 0.2723486 0.1906730 0.0634033 0.0931458 0.0570117 0.0392564 0.0268369 0.1163352 0.1155097 0.1156448 0.4952214 0.4482935 0.2753550 0.4831138 0.5342912 0.4432227 0.1729817 0.4095128 0.2935046 0.3224595 0.2776468 0.3216330 0.5108037 0.3366912 0.2371681 0.1687763 0.1731377 0.1735250 0.1915842 0.1791293 0.1910458 0.1821388 0.1898878 0.1550057 0.1918828 0.1941562 0.2087266 0.1812942 0.1674884 0.1788927 0.1793501 0.1784023 0.1683388 0.1821151 0.1695818 0.2054449 0.1899833 0.1824563 0.1945311 0.1927180 0.1836268 0.1833481 0.1904847 0.1848856 0.1863860 0.1731949 0.1929120 0.1827676 
Neoceratodus_forsteri_EF526295.1_540.00000         0.1375005 0.2269417 0.3237092 0.3389106 0.3226227 0.3385199 0.3270724 0.3458009 0.4698625 0.4174635 0.4496210 0.0000000 0.3966177 0.5184068 0.5457245 0.5162512 0.3820692 0.3597110 0.3692372 0.3692372 0.4078429 0.3712536 0.4299798 0.4636346 0.3834647 0.3474928 0.3244658 0.4639093 0.4170353 0.4137580 0.4044379 0.4886258 0.4254978 0.5353178 0.4175725 0.4112397 0.4750322 0.4552098 0.4365748 0.4282177 0.4610497 0.4690222 0.4571872 0.2435749 0.2271814 0.3233571 0.2625858 0.1816558 0.2417415 0.4428219 0.5514685 0.5641205 0.5805086 0.4751037 0.5757631 0.2365759 0.3065387 0.3392003 0.3908766 0.3732371 0.3824754 0.3721371 0.3508913 0.3957993 0.3766438 0.3864051 0.3579925 0.3731279 0.3795060 0.3987229 0.3833717 0.3640321 0.3611509 0.3796565 0.3644857 0.3579462 0.3716326 0.3852650 0.3735803 0.3835550 0.3652268 0.4134474 0.3981510 0.3837448 0.3941160 0.3723674 0.3773247 0.4036534 0.3989810 0.4066758 0.3777120 
Sardinops_melanostictus_LC007931.1_502.00000       0.3231791 0.3289714 0.1977558 0.1848669 0.1960144 0.1955044 0.1874011 0.2296920 0.2434836 0.2702685 0.2533723 0.3966177 0.0000000 0.1169072 0.1469807 0.1174091 0.2113727 0.2573352 0.2194223 0.2194223 0.2729780 0.2349871 0.2231937 0.3085281 0.2605607 0.2137109 0.5296176 0.2584055 0.2507425 0.2426117 0.2403379 0.3524868 0.2807073 0.3722730 0.2415149 0.2705272 0.2919823 0.2522703 0.2363398 0.2293658 0.3116628 0.3183060 0.2587810 0.3746261 0.3860324 0.2449833 0.3932641 0.4282763 0.3710954 0.2677229 0.3901623 0.3000183 0.4074926 0.2640065 0.3056645 0.4285149 0.2634430 0.1359090 0.2252801 0.2837169 0.2619145 0.2810334 0.2691704 0.3026473 0.2922879 0.2911484 0.2469064 0.2984146 0.2899616 0.3107451 0.2251014 0.2725585 0.2683466 0.2823326 0.2685061 0.2531012 0.2822875 0.2446387 0.2838910 0.2491381 0.2691549 0.2754450 0.2661903 0.2584669 0.2494013 0.2464016 0.2834898 0.2533078 0.2354781 0.2566498 0.2495199 
Engraulis_mordax_KT201125.1_498.00000              0.4438682 0.4197492 0.3098643 0.3072749 0.2918869 0.2935084 0.2284781 0.2392450 0.3586265 0.3600777 0.3346403 0.5184068 0.1169072 0.0000000 0.0427962 0.0427962 0.3287394 0.2928360 0.2903690 0.2903690 0.3643808 0.3063391 0.2923763 0.3227543 0.2506431 0.2541941 0.5596154 0.3493548 0.1870569 0.1894890 0.1874066 0.3327144 0.2774731 0.3261386 0.3085958 0.3418682 0.3420050 0.3363696 0.2968328 0.3025019 0.3389354 0.3509600 0.3657018 0.4692233 0.4526889 0.3541985 0.4511088 0.5143670 0.4798863 0.3231205 0.4388825 0.3670476 0.3398348 0.3251035 0.3544206 0.4826247 0.4102107 0.2348407 0.2870243 0.3178637 0.2870243 0.3277493 0.3152766 0.3438113 0.3326367 0.3345872 0.2832263 0.3372499 0.3237862 0.3597978 0.3017655 0.3183248 0.3063391 0.3231417 0.3153373 0.2822169 0.3232007 0.2737318 0.3167803 0.2744181 0.3018341 0.3651216 0.3504844 0.2795101 0.3345872 0.3218193 0.3252984 0.3188788 0.3129137 0.3277401 0.3200164 
Engraulis_encrasicolus_KT201123.1_500.00000        0.4160422 0.4244790 0.3161267 0.2979371 0.2845901 0.2907524 0.2524395 0.2715208 0.3732806 0.3745791 0.3374354 0.5457245 0.1469807 0.0427962 0.0000000 0.0035433 0.3437200 0.3141799 0.3213618 0.3213618 0.3794472 0.3353836 0.2868918 0.3213611 0.2782387 0.2601589 0.5256933 0.3278799 0.2068497 0.2091976 0.2069645 0.3260636 0.2487606 0.3139776 0.2911788 0.3717028 0.3495551 0.3619109 0.3475474 0.3537635 0.3612782 0.3582270 0.3947629 0.4620317 0.4540099 0.3629287 0.4673297 0.5412755 0.4734246 0.3288560 0.4398002 0.3716990 0.3404153 0.3404356 0.3364646 0.4530061 0.3862270 0.2476555 0.2899143 0.3196015 0.2899143 0.3329771 0.3232151 0.3305276 0.3340427 0.3444786 0.3001785 0.3504883 0.3392956 0.3750620 0.3166594 0.3128165 0.3353836 0.3294903 0.3183669 0.3053298 0.3249106 0.2891743 0.3421286 0.2852154 0.3395482 0.3701573 0.3654563 0.2959405 0.3444786 0.3464741 0.3445689 0.3335217 0.3101540 0.3293246 0.3346031 
Engraulis_japonicus_AB731902.1_502.00000           0.4160422 0.4132616 0.2701325 0.2559627 0.2446454 0.2495162 0.2524395 0.2715208 0.3138089 0.3179651 0.2921341 0.5162512 0.1174091 0.0427962 0.0035433 0.0000000 0.2816996 0.3008579 0.2654719 0.2654719 0.3069800 0.2756800 0.2301287 0.3213611 0.2782387 0.2589651 0.5365704 0.2749798 0.1836807 0.1855004 0.1839740 0.3087512 0.2378234 0.3082415 0.2798619 0.3238544 0.3231012 0.3088577 0.2967738 0.2911224 0.3354639 0.3330860 0.3280807 0.4762419 0.4781168 0.2931483 0.4903505 0.5117804 0.4457826 0.2941651 0.3832332 0.2974020 0.3339460 0.2954815 0.2991712 0.4790017 0.3307049 0.1958836 0.2384541 0.3116447 0.2796688 0.3174547 0.3087731 0.3243246 0.3136720 0.3230660 0.2812210 0.3386298 0.3182806 0.3538017 0.2549346 0.2999206 0.3193929 0.3143292 0.3044085 0.2931262 0.3103342 0.2791584 0.3284736 0.2720011 0.3230829 0.2960890 0.2932104 0.2849634 0.2744143 0.2815095 0.3273461 0.2722183 0.2532361 0.2729666 0.2671293 
Carassius_auratus_L11863.1_521.00000               0.3225235 0.2715802 0.2201355 0.2078907 0.1958876 0.2123330 0.2504122 0.2828304 0.3133270 0.3311571 0.3053561 0.3820692 0.2113727 0.3287394 0.3437200 0.2816996 0.0000000 0.2495937 0.2339384 0.2339384 0.2634743 0.2357162 0.2449905 0.4113609 0.3514196 0.2540505 0.5245323 0.2673711 0.3260571 0.3179257 0.3148416 0.3449014 0.2928527 0.3514145 0.3238114 0.3227667 0.3351431 0.3159420 0.2995133 0.2932122 0.3788020 0.3857928 0.2948720 0.4199648 0.3820273 0.2636954 0.4280856 0.4502889 0.3985346 0.3087762 0.4029301 0.4075376 0.4332471 0.2939557 0.4324367 0.4589369 0.2782751 0.2313786 0.2232332 0.2569544 0.2472756 0.2672439 0.2356461 0.2743871 0.2640542 0.2625138 0.2541391 0.2909430 0.2529945 0.2862222 0.2317669 0.2700818 0.2569145 0.2633699 0.2375051 0.2657091 0.2491177 0.2518400 0.2540690 0.2367495 0.2576035 0.2591101 0.2565731 0.2535949 0.2358407 0.2269683 0.2547301 0.2349055 0.2312653 0.2499672 0.2407733 
Dimidiochromis_compressiceps_AB084931.1_498.00000  0.2928677 0.3266814 0.2386285 0.2262603 0.2377532 0.2330192 0.1119937 0.1266469 0.1957939 0.1793097 0.1693339 0.3597110 0.2573352 0.2928360 0.3141799 0.3008579 0.2495937 0.0000000 0.0101856 0.0101856 0.0499522 0.0135122 0.1633449 0.2162190 0.1711424 0.0752704 0.4992631 0.1306463 0.2602635 0.2509731 0.2482775 0.1760916 0.1321591 0.2071336 0.1229381 0.1647266 0.2169253 0.1833184 0.1454928 0.1434335 0.1885808 0.1975719 0.1621229 0.4049369 0.3494729 0.2768247 0.3950885 0.4526809 0.4038989 0.1393058 0.2913249 0.2816526 0.2666546 0.2036244 0.2762000 0.4256002 0.3216718 0.2478718 0.0277072 0.0239473 0.0277072 0.0431307 0.0366714 0.0452147 0.0380033 0.0486982 0.0236611 0.0510247 0.0410734 0.0464314 0.0202417 0.0637949 0.0135122 0.0321898 0.0386482 0.0166806 0.0236711 0.0170183 0.0461002 0.0594410 0.0168853 0.0546214 0.0461896 0.0259380 0.0486982 0.0575571 0.0312713 0.0493721 0.0458622 0.0538689 0.0454119 
Melanochromis_vermivorus_GQ422472.1_505.00000      0.3154358 0.3166791 0.2273380 0.2125511 0.2268068 0.2224418 0.1140353 0.1384029 0.1814491 0.1732045 0.1613887 0.3692372 0.2194223 0.2903690 0.3213618 0.2654719 0.2339384 0.0101856 0.0000000 0.0000010 0.0410415 0.0149285 0.1461646 0.2227691 0.1683724 0.0736360 0.5190260 0.1240166 0.2452785 0.2372866 0.2351058 0.1903767 0.1446387 0.2229960 0.1356794 0.1623164 0.2030283 0.1761379 0.1450277 0.1358758 0.2099085 0.2182572 0.1678843 0.4410234 0.3954518 0.2576669 0.4303537 0.4416126 0.4002759 0.1234566 0.2924363 0.2544346 0.2940127 0.2236821 0.3093738 0.4580490 0.2962951 0.2219502 0.0338503 0.0277163 0.0353460 0.0487821 0.0340755 0.0531623 0.0458000 0.0497302 0.0205614 0.0566653 0.0488359 0.0438825 0.0270901 0.0694510 0.0171211 0.0379600 0.0315445 0.0135329 0.0310703 0.0243496 0.0528250 0.0650904 0.0137002 0.0565068 0.0491394 0.0246043 0.0463393 0.0505512 0.0351638 0.0530438 0.0499506 0.0570415 0.0495218 
Pseudotropheus_acei_GQ422475.1_505.00000           0.3154358 0.3166791 0.2273380 0.2125511 0.2268068 0.2224418 0.1140353 0.1384029 0.1814491 0.1732045 0.1613887 0.3692372 0.2194223 0.2903690 0.3213618 0.2654719 0.2339384 0.0101856 0.0000010 0.0000000 0.0410415 0.0149285 0.1461646 0.2227691 0.1683724 0.0736360 0.5190260 0.1240166 0.2452785 0.2372866 0.2351058 0.1903767 0.1446387 0.2229960 0.1356794 0.1623164 0.2030283 0.1761379 0.1450277 0.1358758 0.2099085 0.2182572 0.1678843 0.4410234 0.3954518 0.2576669 0.4303537 0.4416126 0.4002759 0.1234566 0.2924363 0.2544346 0.2940127 0.2236821 0.3093738 0.4580490 0.2962951 0.2219502 0.0338503 0.0277163 0.0353460 0.0487821 0.0340755 0.0531623 0.0458000 0.0497302 0.0205614 0.0566653 0.0488359 0.0438825 0.0270901 0.0694510 0.0171211 0.0379600 0.0315445 0.0135329 0.0310703 0.0243496 0.0528250 0.0650904 0.0137002 0.0565068 0.0491394 0.0246043 0.0463393 0.0505512 0.0351638 0.0530438 0.0499506 0.0570415 0.0495218 
Pundamilia_pundamilia_AY673739.1_506.00000         0.3357459 0.3403401 0.2732339 0.2637502 0.2639659 0.2695278 0.1656303 0.1739062 0.2267419 0.2020638 0.1988660 0.4078429 0.2729780 0.3643808 0.3794472 0.3069800 0.2634743 0.0499522 0.0410415 0.0410415 0.0000000 0.0340509 0.1735255 0.2568294 0.2017681 0.1134339 0.5494042 0.1443201 0.2747241 0.2666847 0.2641858 0.2253661 0.1651793 0.2476370 0.1696862 0.1910331 0.2351018 0.2012290 0.1735893 0.1719148 0.2329547 0.2413607 0.1994239 0.5025522 0.4501369 0.2837081 0.4796280 0.4784986 0.4589994 0.1574956 0.3231992 0.2934477 0.3235275 0.2472383 0.3519049 0.4735968 0.3331513 0.2676286 0.0505603 0.0546730 0.0546809 0.0660427 0.0624320 0.0695573 0.0689581 0.0649527 0.0663138 0.0746214 0.0718143 0.0033163 0.0529019 0.0885709 0.0392723 0.0545143 0.0591957 0.0581751 0.0533751 0.0659955 0.0745655 0.0890397 0.0357359 0.0655761 0.0577193 0.0702459 0.0594953 0.0599207 0.0522204 0.0664123 0.0642136 0.0668437 0.0566104 
Tramitichromis_intermedius_GQ422473.1_505.00000    0.2730005 0.3265377 0.2387833 0.2274027 0.2379743 0.2336193 0.1277660 0.1380457 0.1947941 0.1812434 0.1696058 0.3712536 0.2349871 0.3063391 0.3353836 0.2756800 0.2357162 0.0135122 0.0149285 0.0149285 0.0340509 0.0000000 0.1568128 0.2150851 0.1702349 0.0901304 0.5143792 0.1341596 0.2504119 0.2423913 0.2401502 0.1840661 0.1395844 0.2167377 0.1443840 0.1703326 0.2113524 0.1877727 0.1515885 0.1438264 0.2145658 0.2229597 0.1720313 0.4542159 0.4026950 0.2667360 0.4431608 0.4318007 0.4066996 0.1438493 0.3047579 0.2566466 0.3068908 0.2243880 0.3149036 0.4779961 0.3014405 0.2353863 0.0240555 0.0134834 0.0240875 0.0340133 0.0276472 0.0380483 0.0309143 0.0415174 0.0306932 0.0415077 0.0340391 0.0357359 0.0207510 0.0536384 0.0000010 0.0235507 0.0431563 0.0235584 0.0168065 0.0277215 0.0414463 0.0608849 0.0032946 0.0430748 0.0361034 0.0364764 0.0392512 0.0432408 0.0205531 0.0397082 0.0366812 0.0399847 0.0363631 
Pomatoschistus_minutus_FN430594.1_508.00000        0.3657994 0.3593188 0.2712589 0.2697376 0.2661786 0.2731575 0.1553145 0.1571101 0.2101459 0.1889373 0.1792959 0.4299798 0.2231937 0.2923763 0.2868918 0.2301287 0.2449905 0.1633449 0.1461646 0.1461646 0.1735255 0.1568128 0.0000000 0.2596385 0.2185903 0.1729055 0.5463542 0.1631292 0.2220558 0.2234768 0.2215342 0.1962542 0.1541294 0.1912145 0.2013886 0.1773088 0.2115196 0.1701003 0.1653878 0.1606311 0.2117836 0.2174299 0.2045509 0.4961443 0.4445414 0.2763642 0.5094261 0.4806927 0.4825720 0.1898263 0.2962327 0.2496987 0.3401404 0.2427258 0.3290751 0.4897158 0.3300101 0.2568481 0.1388864 0.1800850 0.1585293 0.1869319 0.1645968 0.1907470 0.1816156 0.1803273 0.1651369 0.1960549 0.1935282 0.1919423 0.1540189 0.1688046 0.1755878 0.1828576 0.1521395 0.1701748 0.1712699 0.1591628 0.1888546 0.1765665 0.1717871 0.1789364 0.1772476 0.1588339 0.1567393 0.1702244 0.1817659 0.1650991 0.1592168 0.1738747 0.1609629 
Dissostichus_mawsoni_DQ498794.1_504.00000          0.4957723 0.4248114 0.3274572 0.3249219 0.3071148 0.3237136 0.2192661 0.2132092 0.2741145 0.2645584 0.2542748 0.4636346 0.3085281 0.3227543 0.3213611 0.3213611 0.4113609 0.2162190 0.2227691 0.2227691 0.2568294 0.2150851 0.2596385 0.0000000 0.0594083 0.1764469 0.5793722 0.1973880 0.3128404 0.2967491 0.2967491 0.2040639 0.1742505 0.2326086 0.2284980 0.2479160 0.2811168 0.2729713 0.2701539 0.2565553 0.3159795 0.3130199 0.2879290 0.4691668 0.3811580 0.3465422 0.4138461 0.5158913 0.4479970 0.1558989 0.3802901 0.2881176 0.3502893 0.2980004 0.4045352 0.4980618 0.3392819 0.3249067 0.1938720 0.2150851 0.1938720 0.2287289 0.2163174 0.2273521 0.2299239 0.2357789 0.2148094 0.2216160 0.2362946 0.2521062 0.2188679 0.2123151 0.2150851 0.2174205 0.2430285 0.2148094 0.2227008 0.1992807 0.2359613 0.2079446 0.2196038 0.2484338 0.2387276 0.2187898 0.2357789 0.2363195 0.2312540 0.2314912 0.2076768 0.2308517 0.2340353 
Pagothenia_borchgrevinki_DQ498791.1_499.00000      0.3848596 0.3858376 0.2795899 0.2694898 0.2598857 0.2705614 0.1755392 0.1667826 0.2273189 0.2178792 0.2036467 0.3834647 0.2605607 0.2506431 0.2782387 0.2782387 0.3514196 0.1711424 0.1683724 0.1683724 0.2017681 0.1702349 0.2185903 0.0594083 0.0000000 0.1500744 0.4784536 0.1844737 0.2685785 0.2540344 0.2540344 0.1947170 0.1490193 0.2090166 0.2003733 0.2098446 0.2298062 0.2168461 0.2185353 0.2057117 0.2345357 0.2391236 0.2400305 0.4306925 0.3610487 0.2839227 0.3921080 0.4067821 0.4351949 0.1437395 0.3244770 0.2431420 0.2904047 0.2797759 0.3409038 0.4683770 0.3384114 0.2563995 0.1693510 0.1702349 0.1693510 0.1853808 0.1706528 0.1852157 0.1870551 0.1835207 0.1611582 0.1804464 0.1927011 0.1972940 0.1772044 0.1733172 0.1702349 0.1750327 0.1920034 0.1611582 0.1808622 0.1798255 0.1839459 0.1835793 0.1658281 0.2023358 0.1976551 0.1877691 0.1835207 0.1800916 0.1804044 0.1817032 0.1718299 0.1876849 0.1817900 
Acanthopagrus_butcheri_DQ354577.1_509.00000        0.2583655 0.2981173 0.1865994 0.1816229 0.1981312 0.1880975 0.1150280 0.1017326 0.1572228 0.1626713 0.1583165 0.3474928 0.2137109 0.2541941 0.2601589 0.2589651 0.2540505 0.0752704 0.0736360 0.0736360 0.1134339 0.0901304 0.1729055 0.1764469 0.1500744 0.0000000 0.4629182 0.1551928 0.2520071 0.2382641 0.2382641 0.1834029 0.1528409 0.2072790 0.1037372 0.1562119 0.1672965 0.1546046 0.1402951 0.1367555 0.1809047 0.1809047 0.1544451 0.3271212 0.2547734 0.2143598 0.2866703 0.4008194 0.3156674 0.1207453 0.3007430 0.2822924 0.2994467 0.2271775 0.2951200 0.4086610 0.2656926 0.1823895 0.1010420 0.0945241 0.1010420 0.1125127 0.0940250 0.0933264 0.0940275 0.1026124 0.0801746 0.1136156 0.0940026 0.1092171 0.0845467 0.1167775 0.0901304 0.1032448 0.0911763 0.0797465 0.0891082 0.0861618 0.1082463 0.1094520 0.0943494 0.1109642 0.0996697 0.0795670 0.1026124 0.1144382 0.1095573 0.0949766 0.1047958 0.0947705 0.0920905 
Geotria_australis_AY366493.1_499.00000             0.2169809 0.3535137 0.4124894 0.4293055 0.4193751 0.4200844 0.4729324 0.4797675 0.5572249 0.5731708 0.5795402 0.3244658 0.5296176 0.5596154 0.5256933 0.5365704 0.5245323 0.4992631 0.5190260 0.5190260 0.5494042 0.5143792 0.5463542 0.5793722 0.4784536 0.4629182 0.0000000 0.5508268 0.5059137 0.5027944 0.4919745 0.5438918 0.4653620 0.5954721 0.5162830 0.5895935 0.5870270 0.6108045 0.5729930 0.5781055 0.6248966 0.6217261 0.5774501 0.3122172 0.3169286 0.4369688 0.3035691 0.3422907 0.3108900 0.5381971 0.6702016 0.6481476 0.6428956 0.6053696 0.6471959 0.3019559 0.4442979 0.5478251 0.5387385 0.4899548 0.5272790 0.4793549 0.4848827 0.5094972 0.5119024 0.5229225 0.4827284 0.5116231 0.5144167 0.5349622 0.5144791 0.4872076 0.4999965 0.4878879 0.5291084 0.4887704 0.5038287 0.5133002 0.5053516 0.4964331 0.5041371 0.5342820 0.5311043 0.5406220 0.5347517 0.5115948 0.5079884 0.5500190 0.5266101 0.5374858 0.5271289 
Pseudopleuronectes_americanus_AY631036.1_506.00000 0.4036194 0.3879939 0.2884107 0.2694000 0.2751278 0.2847664 0.1560497 0.1406261 0.2121493 0.1767624 0.1485895 0.4639093 0.2584055 0.3493548 0.3278799 0.2749798 0.2673711 0.1306463 0.1240166 0.1240166 0.1443201 0.1341596 0.1631292 0.1973880 0.1844737 0.1551928 0.5508268 0.0000000 0.2816132 0.2737534 0.2712374 0.1861126 0.1398509 0.1734722 0.1474022 0.1654693 0.2108280 0.1717311 0.1525597 0.1530509 0.2090953 0.2175315 0.2044616 0.4997831 0.4499083 0.2956607 0.4813699 0.5055406 0.4562539 0.1283115 0.3213343 0.2765851 0.3185212 0.2349016 0.3192611 0.5134934 0.3114039 0.2431837 0.1184974 0.1515211 0.1242672 0.1509402 0.1522079 0.1583406 0.1473364 0.1622985 0.1394972 0.1591139 0.1589398 0.1553622 0.1363112 0.1606915 0.1471421 0.1469090 0.1181957 0.1442609 0.1435095 0.1232055 0.1595954 0.1508872 0.1508408 0.1540793 0.1554992 0.1328534 0.1512714 0.1621222 0.1419676 0.1537649 0.1380341 0.1596697 0.1502227 
Oncorhynchus_keta_AY214141.1_524.00000             0.3595504 0.3371063 0.2301532 0.2378370 0.2205670 0.2250117 0.2166050 0.2489040 0.3188180 0.3031941 0.3097907 0.4170353 0.2507425 0.1870569 0.2068497 0.1836807 0.3260571 0.2602635 0.2452785 0.2452785 0.2747241 0.2504119 0.2220558 0.3128404 0.2685785 0.2520071 0.5059137 0.2816132 0.0000000 0.0085194 0.0056310 0.3341468 0.2303178 0.3476963 0.3180440 0.2902230 0.3201685 0.3093465 0.2887853 0.2893921 0.3165535 0.3232690 0.2933212 0.4511574 0.4532882 0.2642876 0.4607883 0.4195527 0.4267666 0.2701947 0.3384594 0.2828051 0.2629170 0.2435672 0.2811646 0.4346718 0.3139411 0.2884432 0.2214759 0.2834032 0.2501696 0.2934208 0.2861889 0.2952048 0.2964591 0.3046558 0.2565368 0.2956238 0.2976143 0.3039945 0.2323246 0.2812473 0.2791398 0.2906431 0.2849831 0.2657598 0.2815939 0.2390362 0.2798436 0.2430144 0.2830562 0.2900100 0.2797727 0.2506594 0.2674492 0.2602980 0.2956274 0.2566268 0.2475872 0.2594372 0.2513688 
Oncorhynchus_kisutch_AY214146.1_531.00000          0.3128831 0.3329059 0.2262776 0.2339259 0.2168029 0.2212130 0.2032522 0.2339030 0.3106032 0.2950617 0.3016992 0.4137580 0.2426117 0.1894890 0.2091976 0.1855004 0.3179257 0.2509731 0.2372866 0.2372866 0.2666847 0.2423913 0.2234768 0.2967491 0.2540344 0.2382641 0.5027944 0.2737534 0.0085194 0.0000000 0.0028154 0.3371413 0.2321336 0.3508978 0.3085969 0.2819898 0.3122328 0.3011509 0.2806807 0.2811716 0.3084375 0.3151584 0.2850486 0.4479112 0.4500610 0.2609624 0.4575479 0.4163093 0.4234909 0.2622321 0.3278744 0.2730702 0.2586414 0.2403117 0.2778777 0.4443753 0.3063396 0.2804110 0.2135571 0.2741714 0.2409765 0.2842261 0.2769654 0.2860730 0.2872987 0.2954718 0.2473350 0.2862564 0.2885167 0.2946535 0.2243794 0.2722469 0.2698396 0.2813838 0.2757341 0.2564577 0.2723959 0.2299787 0.2707843 0.2340503 0.2737976 0.2819525 0.2717911 0.2414773 0.2594880 0.2523364 0.2862777 0.2486134 0.2396347 0.2514005 0.2433844 
Oncorhynchus_tshawytscha_AY214136.1_524.00000      0.3128831 0.3228956 0.2188368 0.2263052 0.2097071 0.2139899 0.2032522 0.2339030 0.3075686 0.2922267 0.2988077 0.4044379 0.2403379 0.1874066 0.2069645 0.1839740 0.3148416 0.2482775 0.2351058 0.2351058 0.2641858 0.2401502 0.2215342 0.2967491 0.2540344 0.2382641 0.4919745 0.2712374 0.0056310 0.0028154 0.0000000 0.3330663 0.2296531 0.3465446 0.3051363 0.2792633 0.3092831 0.2982283 0.2780121 0.2784592 0.3054624 0.3121110 0.2822762 0.4379581 0.4401200 0.2541208 0.4473975 0.4070351 0.4139769 0.2598024 0.3270485 0.2724568 0.2562561 0.2338822 0.2708780 0.4348276 0.3031528 0.2777684 0.2116329 0.2712128 0.2384270 0.2811573 0.2739752 0.2830030 0.2842039 0.2922689 0.2447086 0.2831043 0.2854291 0.2914062 0.2223411 0.2693858 0.2669124 0.2783281 0.2727515 0.2536928 0.2694697 0.2275941 0.2679222 0.2316434 0.2708356 0.2792850 0.2692562 0.2389251 0.2570880 0.2500105 0.2831312 0.2463106 0.2374404 0.2490620 0.2411434 
Batrachocottus_nikolskii_U97268.1_488.00000        0.4568839 0.4794682 0.3692779 0.3587159 0.3554518 0.3576240 0.2584510 0.2175261 0.2919764 0.2806052 0.2352208 0.4886258 0.3524868 0.3327144 0.3260636 0.3087512 0.3449014 0.1760916 0.1903767 0.1903767 0.2253661 0.1840661 0.1962542 0.2040639 0.1947170 0.1834029 0.5438918 0.1861126 0.3341468 0.3371413 0.3330663 0.0000000 0.1100604 0.0937929 0.2329963 0.2646744 0.2679397 0.2442409 0.2336926 0.2247943 0.2670278 0.2694074 0.2692363 0.4920316 0.4257160 0.3722412 0.4765875 0.5530975 0.4894374 0.1565468 0.3749217 0.3406337 0.3355018 0.3374275 0.4070779 0.5319522 0.4056130 0.3249203 0.1777973 0.1858301 0.1777973 0.2101661 0.1859857 0.1862885 0.1823475 0.2016892 0.1925428 0.2148913 0.1819700 0.2213786 0.1873022 0.2000037 0.1840661 0.1944656 0.1837605 0.1916229 0.1711824 0.1725659 0.1931989 0.1913451 0.1880331 0.2114825 0.2089618 0.2020308 0.2016892 0.2135858 0.1966759 0.1829890 0.1942873 0.1873572 0.1983428 
Cottocomephorus_inermis_U97266.1_494.00000         0.3286907 0.3602639 0.2911535 0.2860568 0.2772047 0.2847986 0.2014820 0.1835790 0.2344369 0.2244921 0.2055890 0.4254978 0.2807073 0.2774731 0.2487606 0.2378234 0.2928527 0.1321591 0.1446387 0.1446387 0.1651793 0.1395844 0.1541294 0.1742505 0.1490193 0.1528409 0.4653620 0.1398509 0.2303178 0.2321336 0.2296531 0.1100604 0.0000000 0.1214105 0.1645130 0.2103469 0.2343415 0.2077053 0.2043512 0.2002319 0.2375579 0.2396300 0.2188879 0.4236001 0.3810877 0.3097302 0.4216242 0.4741236 0.4302163 0.1327480 0.2992613 0.2575317 0.2558647 0.2210397 0.2976765 0.4298046 0.2972135 0.2502870 0.1358920 0.1390895 0.1358920 0.1408006 0.1354801 0.1400008 0.1410652 0.1491420 0.1364755 0.1645089 0.1455672 0.1612725 0.1327019 0.1379406 0.1395844 0.1470405 0.1296200 0.1359747 0.1360138 0.1286701 0.1478541 0.1371967 0.1434154 0.1635029 0.1616467 0.1459281 0.1491420 0.1587664 0.1409902 0.1436230 0.1488871 0.1473372 0.1368943 
Leocottus_kesslerii_L42953.1_516.00000             0.7123622 0.4715355 0.4394643 0.4197096 0.4089058 0.4206124 0.2517552 0.2059618 0.3338872 0.2935019 0.2723486 0.5353178 0.3722730 0.3261386 0.3139776 0.3082415 0.3514145 0.2071336 0.2229960 0.2229960 0.2476370 0.2167377 0.1912145 0.2326086 0.2090166 0.2072790 0.5954721 0.1734722 0.3476963 0.3508978 0.3465446 0.0937929 0.1214105 0.0000000 0.2649799 0.2781888 0.3206473 0.2832160 0.2704878 0.2612942 0.3026917 0.3136552 0.3090350 0.5766477 0.4901491 0.4450962 0.5522960 0.5982441 0.5806732 0.1957961 0.3776868 0.3735070 0.3694182 0.3397788 0.4523901 0.6253923 0.4485209 0.3565708 0.1951641 0.2158259 0.1951641 0.2419981 0.2114337 0.2271766 0.2232528 0.2325661 0.2253226 0.2476929 0.2228235 0.2434514 0.2170438 0.2309601 0.2167377 0.2250494 0.2043487 0.2240696 0.2108121 0.1887418 0.2308674 0.2213957 0.2208991 0.2559307 0.2527468 0.2083054 0.2325661 0.2459747 0.2276154 0.2268291 0.2235809 0.2320653 0.2271200 
Ictalurus_punctatus_AF028016.1_542.00000           0.3488963 0.3573397 0.2650033 0.2594138 0.2640456 0.2591249 0.1422946 0.1133311 0.2428289 0.2102832 0.1906730 0.4175725 0.2415149 0.3085958 0.2911788 0.2798619 0.3238114 0.1229381 0.1356794 0.1356794 0.1696862 0.1443840 0.2013886 0.2284980 0.2003733 0.1037372 0.5162830 0.1474022 0.3180440 0.3085969 0.3051363 0.2329963 0.1645130 0.2649799 0.0000000 0.1980339 0.2323479 0.2070586 0.1777542 0.1788766 0.2351967 0.2446631 0.2399083 0.4105279 0.3655084 0.2842013 0.3621236 0.4815642 0.3968331 0.1631470 0.3818101 0.3399258 0.3222982 0.2618104 0.2817087 0.4137059 0.3122882 0.2644923 0.1405683 0.1461503 0.1334279 0.1405089 0.1543979 0.1495873 0.1357166 0.1435942 0.1172866 0.1642108 0.1499415 0.1587620 0.1387941 0.1623905 0.1373302 0.1540576 0.1250995 0.1174404 0.1405151 0.1279899 0.1563907 0.1571426 0.1410507 0.1808174 0.1693457 0.1384839 0.1504935 0.1675575 0.1448897 0.1532785 0.1527204 0.1487805 0.1400284 
Neoniphon_argenteus_U57540.1_502.00000             0.4616739 0.3800282 0.2933845 0.3077131 0.2957144 0.2969252 0.1592771 0.1638829 0.0945968 0.0119319 0.0634033 0.4112397 0.2705272 0.3418682 0.3717028 0.3238544 0.3227667 0.1647266 0.1623164 0.1623164 0.1910331 0.1703326 0.1773088 0.2479160 0.2098446 0.1562119 0.5895935 0.1654693 0.2902230 0.2819898 0.2792633 0.2646744 0.2103469 0.2781888 0.1980339 0.0000000 0.0942611 0.0463518 0.0576081 0.0530912 0.0829980 0.0858726 0.0865075 0.4834008 0.4344277 0.3090995 0.4623905 0.5010221 0.4529159 0.1694560 0.3929418 0.3100369 0.3305304 0.2587691 0.3444045 0.5064671 0.3494581 0.2178629 0.1692176 0.1939777 0.1740974 0.1990661 0.1754614 0.2023385 0.1828293 0.1906923 0.1595332 0.2100808 0.1950217 0.1998337 0.1734205 0.1729727 0.1798926 0.1967757 0.1857492 0.1691312 0.1828039 0.1605779 0.1909520 0.1886511 0.1835207 0.2096898 0.1990553 0.1722584 0.1839735 0.2001960 0.1957462 0.1758722 0.1856803 0.1936829 0.1649783 
Neoniphon_aurolineatus_U57541.1_481.00000          0.3902484 0.4110580 0.2771823 0.2800185 0.2756695 0.2730789 0.1874526 0.1857632 0.1430621 0.0964303 0.0931458 0.4750322 0.2919823 0.3420050 0.3495551 0.3231012 0.3351431 0.2169253 0.2030283 0.2030283 0.2351018 0.2113524 0.2115196 0.2811168 0.2298062 0.1672965 0.5870270 0.2108280 0.3201685 0.3122328 0.3092831 0.2679397 0.2343415 0.3206473 0.2323479 0.0942611 0.0000000 0.0814971 0.0930920 0.0913212 0.0779770 0.0709679 0.1511767 0.5184867 0.4879209 0.2961491 0.5114911 0.5176347 0.4984963 0.1989974 0.3946717 0.2914942 0.3616427 0.3318023 0.3361317 0.5444722 0.3660427 0.2702649 0.2261594 0.2207700 0.2290306 0.2321000 0.1978958 0.2264812 0.2171648 0.2358688 0.2106297 0.2311107 0.2279716 0.2401311 0.2208112 0.1839873 0.2172269 0.2173770 0.2081540 0.2158136 0.2170595 0.2140666 0.2088688 0.1896221 0.2207860 0.2331732 0.2220210 0.2071839 0.2323549 0.2434458 0.2336777 0.2117958 0.2083316 0.2284100 0.2071567 
Sargocentron_punctatissimum_U57543.1_494.00000     0.4721747 0.4209223 0.2832184 0.2839470 0.2856735 0.2868955 0.1520993 0.1532816 0.1061105 0.0505372 0.0570117 0.4552098 0.2522703 0.3363696 0.3619109 0.3088577 0.3159420 0.1833184 0.1761379 0.1761379 0.2012290 0.1877727 0.1701003 0.2729713 0.2168461 0.1546046 0.6108045 0.1717311 0.3093465 0.3011509 0.2982283 0.2442409 0.2077053 0.2832160 0.2070586 0.0463518 0.0814971 0.0000000 0.0469869 0.0341669 0.0950859 0.0957606 0.0996410 0.5157982 0.4690647 0.3133084 0.4975673 0.5276650 0.4877347 0.1881997 0.4310357 0.3209364 0.3292921 0.2833741 0.3526039 0.5365341 0.3502498 0.2349238 0.1888201 0.2156176 0.1979271 0.2207052 0.1937760 0.2260388 0.2062680 0.2141447 0.1809435 0.2321532 0.2113153 0.2130875 0.1927379 0.1995532 0.2013485 0.2182713 0.1891111 0.1903022 0.2061922 0.1839004 0.2145401 0.2163814 0.2049396 0.2282074 0.2173344 0.1930234 0.2031968 0.2179260 0.2175731 0.1930717 0.2052845 0.2106915 0.1881273 
Sargocentron_microstoma_U57542.1_494.00000         0.4090121 0.3930807 0.2482667 0.2576881 0.2510731 0.2523305 0.1504277 0.1403204 0.1003076 0.0678439 0.0392564 0.4365748 0.2363398 0.2968328 0.3475474 0.2967738 0.2995133 0.1454928 0.1450277 0.1450277 0.1735893 0.1515885 0.1653878 0.2701539 0.2185353 0.1402951 0.5729930 0.1525597 0.2887853 0.2806807 0.2780121 0.2336926 0.2043512 0.2704878 0.1777542 0.0576081 0.0930920 0.0469869 0.0000000 0.0179519 0.0986731 0.1060192 0.0947779 0.4648418 0.4423812 0.2731688 0.4763403 0.5077579 0.4373317 0.1712500 0.3884436 0.3018135 0.3024290 0.2750857 0.3246340 0.5146734 0.3397782 0.2315562 0.1560259 0.1682264 0.1553216 0.1735880 0.1629369 0.1830636 0.1641812 0.1718831 0.1369860 0.1838898 0.1761447 0.1761381 0.1603144 0.1765461 0.1547305 0.1715239 0.1624064 0.1415156 0.1641872 0.1425397 0.1761853 0.1670809 0.1583123 0.1892818 0.1740923 0.1570954 0.1706576 0.1775760 0.1649752 0.1651772 0.1770397 0.1797701 0.1615924 
Sargocentron_diadema_U57537.1_491.00000            0.4333736 0.3923354 0.2517003 0.2594079 0.2545243 0.2557989 0.1476494 0.1301833 0.1043373 0.0626960 0.0268369 0.4282177 0.2293658 0.3025019 0.3537635 0.2911224 0.2932122 0.1434335 0.1358758 0.1358758 0.1719148 0.1438264 0.1606311 0.2565553 0.2057117 0.1367555 0.5781055 0.1530509 0.2893921 0.2811716 0.2784592 0.2247943 0.2002319 0.2612942 0.1788766 0.0530912 0.0913212 0.0341669 0.0179519 0.0000000 0.0963505 0.1038031 0.0959643 0.4761591 0.4518529 0.2778956 0.4748304 0.5125077 0.4467740 0.1647601 0.3954834 0.3008567 0.3165414 0.2605982 0.3238496 0.5194915 0.3235136 0.2248581 0.1509040 0.1667465 0.1566533 0.1752487 0.1626327 0.1849196 0.1656653 0.1735125 0.1341465 0.1857626 0.1778511 0.1819484 0.1552816 0.1683538 0.1529089 0.1731353 0.1595238 0.1425198 0.1656692 0.1435740 0.1795537 0.1762180 0.1565912 0.1855426 0.1754625 0.1567101 0.1656661 0.1725386 0.1682862 0.1601184 0.1669349 0.1746532 0.1565210 
Sargocentron_spiniferum_U57544.1_490.00000         0.3786700 0.3908147 0.3215518 0.3297851 0.3276199 0.3247717 0.2016854 0.1895844 0.1442320 0.0876647 0.1163352 0.4610497 0.3116628 0.3389354 0.3612782 0.3354639 0.3788020 0.1885808 0.2099085 0.2099085 0.2329547 0.2145658 0.2117836 0.3159795 0.2345357 0.1809047 0.6248966 0.2090953 0.3165535 0.3084375 0.3054624 0.2670278 0.2375579 0.3026917 0.2351967 0.0829980 0.0779770 0.0950859 0.0986731 0.0963505 0.0000000 0.0058916 0.1399755 0.5121332 0.4994253 0.3279142 0.5278640 0.5265387 0.5198965 0.2333001 0.3738140 0.3221043 0.3406968 0.3141156 0.3143659 0.5714161 0.3973269 0.2483207 0.2157871 0.2217223 0.2036611 0.2285417 0.2151941 0.2223231 0.2022133 0.2201349 0.1856746 0.2402582 0.2073472 0.2234648 0.2196231 0.2028686 0.2071384 0.2244164 0.2152573 0.1957942 0.2021457 0.1891959 0.2074376 0.1925198 0.2107894 0.2489023 0.2371081 0.2026390 0.2307405 0.2471164 0.2237671 0.2098901 0.2168862 0.2302213 0.2051940 
