,feature,Light Gradient Boosting Machine,Extreme Gradient Boosting,Logistic Regression,mean_imp
0,1,0.0,0.0,0.0,0.0
1,2,0.0,0.0,0.0,0.0
2,3,0.0,0.0,0.0,0.0
3,4,0.0,0.0,0.0,0.0
4,5,0.0,0.0,0.0,0.0
5,6,0.0,0.0,0.0,0.0
6,7,0.0,0.0,0.0,0.0
7,8,0.0,0.0,0.0,0.0
8,9,0.0,0.0,0.0,0.0
9,10,0.0,0.0,0.0,0.0
10,11,0.0,0.0,0.0,0.0
11,12,0.0,0.0,0.0,0.0
12,13,0.0,0.0,0.0,0.0
13,14,0.0,0.0,0.0,0.0
14,15,0.0,0.0,0.0,0.0
15,16,0.0,0.0,0.0,0.0
16,17,0.0,0.0,0.0,0.0
17,18,0.0,0.0,0.0,0.0
18,19,0.0,0.0,0.0,0.0
19,20,0.0,0.0,0.0,0.0
20,21,0.0,0.0,0.0,0.0
21,22,0.0,0.0,0.0,0.0
22,23,0.0,0.0,0.0,0.0
23,24,0.0,0.0,0.0,0.0
24,25,0.0,0.0,0.0,0.0
25,26,0.0,0.0,0.0,0.0
26,27,0.0,0.0,0.0,0.0
27,28,0.0,0.0,0.0,0.0
28,29,0.0,0.0,0.0,0.0
29,30,0.0,0.0,0.0,0.0
30,31,0.0,0.0,0.0,0.0
31,32,0.0,0.0,0.0,0.0
32,33,0.0,0.0,0.0,0.0
33,34,0.0,0.0,0.0,0.0
34,35,0.0,0.0,0.0,0.0
35,36,0.0,0.0,0.0,0.0
36,37,0.0,0.0,0.0,0.0
37,38,0.0,0.0,0.0,0.0
38,39,0.0,0.0,0.0,0.0
39,40,0.0,0.0,0.0,0.0
40,41,0.0,0.0,0.0,0.0
41,42,0.0,0.0,0.0,0.0
42,43,0.0,0.0,0.0,0.0
43,44,0.0,0.0,0.0,0.0
44,45,0.0,0.0,0.0,0.0
45,46,0.0,0.0,0.0,0.0
46,47,0.0,0.0,0.0,0.0
47,48,0.0,0.0,0.0,0.0
48,49,0.0,0.0,0.0,0.0
49,50,0.0,0.0,0.0,0.0
50,51,0.0,0.0,0.0,0.0
51,52,0.0,0.0,0.0,0.0
52,53,0.0,0.0,0.0,0.0
53,54,0.0,0.0,0.0,0.0
54,55,0.0,0.0,0.0,0.0
55,56,0.0,0.0,0.0,0.0
56,57,0.0,0.0,0.0,0.0
57,58,0.0,0.0,0.0,0.0
58,59,0.0,0.0,0.0,0.0
59,60,0.0,0.0,0.0,0.0
60,61,0.0,0.0,0.0,0.0
61,62,0.0,0.0,0.0,0.0
62,63,0.0,0.0,0.0,0.0
63,64,0.0,0.0,0.0,0.0
64,65,0.0,0.0,0.0,0.0
65,66,0.41970310391363025,0.8541213,0.5578135533692631,0.610545994894367
66,67,0.0,0.0,0.0,0.0
67,68,0.34143049932523617,0.5565419,0.4148236739840778,0.43759869767252196
68,69,0.26720647773279355,0.5346144,0.364375772412111,0.3887322114397505
69,70,0.33063427800269907,0.644427,0.49114441976928086,0.4887352330827559
70,71,0.29284750337381915,0.43655452,0.35485485172336606,0.3614189588064785
71,72,0.0,0.0,0.0,0.0
72,73,0.0,0.0,0.0,0.0
73,74,0.0,0.0,0.0,0.0
74,75,0.0,0.0,0.0,0.0
75,76,0.20242914979757085,0.53240746,0.2974671693265355,0.3441012605736666
76,77,0.13360323886639677,0.2673072,0.1821878862060555,0.19436610571987525
77,78,0.26720647773279355,0.5346144,0.364375772412111,0.3887322114397505
78,79,0.04993252361673414,0.029266477,0.12449504813916452,0.06789801612902108
79,80,0.0,0.0,0.0,0.0
80,81,0.0,0.0,0.0,0.0
81,82,0.12955465587044535,0.2657099,0.1684210578693801,0.18789520685210268
82,83,0.0,0.0,0.0,0.0
83,84,0.0,0.0,0.0,0.0
84,85,0.0,0.0,0.0,0.0
85,86,0.0,0.0,0.0,0.0
86,87,0.0,0.0,0.0,0.0
87,88,0.0,0.0,0.0,0.0
88,89,0.0,0.0,0.0,0.0
89,90,0.0,0.0,0.0,0.0
90,91,0.0,0.0,0.0,0.0
91,92,0.0,0.0,0.0,0.0
92,93,0.0,0.0,0.0,0.0
93,94,0.0,0.0,0.0,0.0
94,95,0.26720647773279355,0.5346144,0.364375772412111,0.3887322114397505
95,96,0.13360323886639677,0.2673072,0.1821878862060555,0.19436610571987525
96,97,0.06882591093117409,0.26510027,0.11527928312047997,0.1497351548537913
97,98,0.3765182186234818,0.42468843,0.5763637041457965,0.459190117136548
98,99,0.3049932523616734,0.43451825,0.4322179634637458,0.39057648788940263
99,100,0.0310391363022942,0.06859802,0.12477806077263442,0.0748050713904827
100,101,0.21862348178137653,0.083148904,0.20439472727043803,0.16872237106552615
101,102,0.0,0.0,0.0,0.0
102,103,0.0,0.0,0.0,0.0
103,104,0.0,0.0,0.0,0.0
104,105,0.0,0.0,0.0,0.0
105,106,0.0,0.0,0.0,0.0
106,107,0.0,0.0,0.0,0.0
107,108,0.0,0.0,0.0,0.0
108,109,0.0,0.0,0.0,0.0
109,110,0.0,0.0,0.0,0.0
110,111,0.22267206477732793,0.047488756,0.22455766141278602,0.16490616088931556
111,112,0.45479082321187586,0.8299219,0.5401629346450654,0.608291886360995
112,113,0.45479082321187586,0.41143987,0.5984775650696593,0.4882360847030318
113,114,0.13360323886639677,0.2673072,0.1821878862060555,0.19436610571987525
114,115,0.12685560053981107,0.26928556,0.20437414436872883,0.2001717681875919
115,116,0.08367071524966262,0.027610123,0.25938324971233245,0.1235546960398321
116,117,0.13360323886639677,0.2673072,0.1821878862060555,0.19436610571987525
117,118,0.0,0.0,0.0,0.0
118,119,0.16059379217273953,0.32413772,0.28144837668309236,0.25539329544708655
119,120,0.358974358974359,0.060208675,0.5194019401338488,0.312861657876154
120,121,0.26720647773279355,0.5346144,0.364375772412111,0.3887322114397505
121,122,0.13360323886639677,0.2673072,0.1821878862060555,0.19436610571987525
122,123,1.0,0.3061297,1.0,0.7687098979949951
123,124,0.5371120107962213,0.48889497,0.5776622459132946,0.5345564086448152
124,125,0.0,0.0,0.0,0.0
125,126,0.3603238866396761,0.5497582,0.5123731786156305,0.47415175371079393
126,127,0.0310391363022942,0.56179005,0.06881096867243974,0.22054671801693806
127,128,0.3535762483130904,0.5633809,0.4676132053609057,0.46152345023971053
128,129,0.0,0.0,0.0,0.0
129,130,0.2564102564102564,0.42896786,0.5365395018419897,0.4073058738578501
130,131,0.2793522267206478,0.5890513,0.49060460977621023,0.4530027142481898
131,132,0.0,0.0,0.0,0.0
132,133,0.0,0.0,0.0,0.0
133,134,0.13360323886639677,0.2673072,0.1821878862060555,0.19436610571987525
134,135,0.0,0.0,0.0,0.0
135,136,0.4399460188933873,0.59418887,0.6642022360424454,0.5661123746451047
136,137,0.0,0.0,0.0,0.0
137,138,0.0,0.0,0.0,0.0
138,139,0.42780026990553305,0.09512844,0.343086653596929,0.28867178762309315
139,140,0.6248313090418354,0.105004884,0.4972307728199761,0.4090223220548092
140,141,0.26720647773279355,0.5346144,0.364375772412111,0.3887322114397505
141,142,0.0,0.0,0.0,0.0
142,143,0.0,0.0,0.0,0.0
143,144,0.0,0.0,0.0,0.0
144,145,0.0,0.0,0.0,0.0
145,146,0.0,0.0,0.0,0.0
146,147,0.13360323886639677,0.2673072,0.1821878862060555,0.19436610571987525
147,148,0.0,0.0,0.0,0.0
148,149,0.0,0.0,0.0,0.0
149,150,0.0,0.0,0.0,0.0
150,151,0.0,0.0,0.0,0.0
151,152,0.0,0.0,0.0,0.0
152,153,0.0,0.0,0.0,0.0
153,154,0.13360323886639677,0.2673072,0.1821878862060555,0.19436610571987525
154,155,0.0,0.0,0.0,0.0
155,156,0.21727395411605938,0.3217138,0.2603463840427276,0.26644471445248546
156,157,0.13360323886639677,0.2673072,0.1821878862060555,0.19436610571987525
157,158,0.291497975708502,0.35425344,0.36352219160429255,0.33642453613604895
158,159,0.2253711201079622,0.27977663,0.2945080599212136,0.26655193760499096
159,160,0.49527665317139,0.29868713,0.47539223904826095,0.4231186741441449
160,161,0.27530364372469635,0.2929288,0.4168352874062937,0.3283559153396635
161,162,0.20917678812415655,0.3276485,0.2812020951558621,0.2726757913157873
162,163,0.26720647773279355,0.5346144,0.364375772412111,0.3887322114397505
163,164,0.26720647773279355,0.5346144,0.364375772412111,0.3887322114397505
164,165,0.32793522267206476,0.4110211,0.6583505497086501,0.4657689619254686
165,166,0.44804318488529016,0.5775241,0.5553669493167914,0.5269780865927003
166,167,0.26720647773279355,0.5346144,0.364375772412111,0.3887322114397505
167,168,0.26720647773279355,0.5346144,0.364375772412111,0.3887322114397505
168,169,0.1700404858299595,0.30926904,0.2674262064864834,0.24891191104647525
169,170,0.5802968960863698,0.12119474,0.6805782013726878,0.46068994669301633
170,171,0.26720647773279355,0.5346144,0.364375772412111,0.3887322114397505
171,172,0.4089068825910931,0.42639676,0.6079060982511145,0.4810699127354936
172,173,0.0,0.0,0.0,0.0
173,174,0.0,0.0,0.0,0.0
174,175,0.29554655870445345,0.5381752,0.5216520195153775,0.4517912678259015
175,176,0.0,0.0,0.0,0.0
176,177,0.0,0.0,0.0,0.0
177,178,0.0,0.0,0.0,0.0
178,179,0.0,0.0,0.0,0.0
179,180,0.0,0.0,0.0,0.0
180,181,0.0,0.0,0.0,0.0
181,182,0.0,0.0,0.0,0.0
182,183,0.47368421052631576,0.31284294,0.42604426767234527,0.4041904711741254
183,184,0.13900134952766532,0.023876762,0.15400044695024578,0.10562618616517294
184,185,0.4939271255060729,0.66727144,0.6626270513662509,0.6079418707110321
185,186,0.48582995951417,0.49540618,0.7421863841571221,0.5744741747638286
186,187,0.0,0.0,0.0,0.0
187,188,0.0,0.0,0.0,0.0
188,189,0.0,0.0,0.0,0.0
189,190,0.3738191632928475,0.09004875,0.37592526505342727,0.27993106035713305
190,191,0.145748987854251,0.0682408,0.12650837271798931,0.11349938652734676
191,192,0.0,0.0,0.0,0.0
192,193,0.32793522267206476,0.04416025,0.36481132635531205,0.24563559986724237
193,194,0.5074224021592443,0.34946957,0.4927746279807964,0.44988886748190665
194,195,0.2834008097165992,0.55151534,0.5018843182765167,0.44560015626605654
195,196,0.0,0.0,0.0,0.0
196,197,0.24561403508771928,0.29413283,0.31238472544699014,0.28404386308239093
197,198,0.3967611336032389,0.5654853,0.45878786888941026,0.4736781003754082
198,199,0.0,0.0,0.0,0.0
199,200,0.13360323886639677,0.2673072,0.1821878862060555,0.19436610571987525
200,201,0.0,0.0,0.0,0.0
201,202,0.8137651821862348,0.29729632,0.4250617404429272,0.5120410793535856
202,203,0.13360323886639677,0.2673072,0.1821878862060555,0.19436610571987525
203,204,0.26720647773279355,0.5346144,0.364375772412111,0.3887322114397505
204,205,0.5506072874493927,0.43636194,0.5572274317700101,0.5147322193114613
205,206,0.13360323886639677,0.2673072,0.1821878862060555,0.19436610571987525
206,207,0.0,0.0,0.0,0.0
207,208,0.5573549257759784,0.3216093,0.7181228290560283,0.5323623477620208
208,209,0.26720647773279355,0.5346144,0.364375772412111,0.3887322114397505
209,210,0.23616734143049933,0.30557474,0.4334367057283647,0.3250595973662227
210,211,0.26720647773279355,0.5346144,0.364375772412111,0.3887322114397505
211,212,0.0,0.0,0.0,0.0
212,213,0.0,0.0,0.0,0.0
213,214,0.0,0.0,0.0,0.0
214,215,0.13360323886639677,0.2673072,0.1821878862060555,0.19436610571987525
215,216,0.13360323886639677,0.2673072,0.1821878862060555,0.19436610571987525
216,217,0.0,0.0,0.0,0.0
217,218,0.0,0.0,0.0,0.0
218,219,0.20917678812415655,0.31313202,0.29350607890533537,0.27193829496012256
219,220,0.0,0.0,0.0,0.0
220,221,0.0,0.0,0.0,0.0
221,222,0.06882591093117409,0.26510027,0.11527928312047997,0.1497351548537913
222,223,0.18218623481781376,0.022245811,0.22193636680654946,0.1421228043076176
223,224,0.0,0.0,0.0,0.0
224,225,0.13360323886639677,0.2673072,0.1821878862060555,0.19436610571987525
225,226,0.0,0.0,0.0,0.0
226,227,0.0,0.0,0.0,0.0
227,228,0.0,0.0,0.0,0.0
228,229,0.19433198380566802,0.36672446,0.2820516247356293,0.28103602328611993
229,230,0.26720647773279355,0.5346144,0.364375772412111,0.3887322114397505
230,231,0.340080971659919,0.037411235,0.31506664372414256,0.230852950218982
231,232,0.08367071524966262,0.054406613,0.07815849783667206,0.07207860873261022
232,233,0.09716599190283401,0.9301516,0.08434663875868592,0.3705547374752471
233,234,0.0,0.0,0.0,0.0
234,235,0.0,0.0,0.0,0.0
235,236,0.0,0.0,0.0,0.0
236,237,0.0,0.0,0.0,0.0
237,238,0.0,0.0,0.0,0.0
238,239,0.48582995951417,0.41234624,0.4535678272507421,0.4505813435410831
239,240,0.0,0.0,0.0,0.0
240,241,0.0,0.0,0.0,0.0
241,242,0.26720647773279355,0.5346144,0.364375772412111,0.3887322114397505
242,243,0.15114709851551958,0.31971976,0.255288270067348,0.24205171006429957
243,244,0.0,0.0,0.0,0.0
244,245,0.0,0.0,0.0,0.0
245,246,0.3184885290148448,0.7051802,0.49077519623791144,0.5048146510030854
246,247,0.2631578947368421,0.29744217,0.4033730139617319,0.32132435889864475
247,248,0.26720647773279355,0.5346144,0.364375772412111,0.3887322114397505
248,249,0.20512820512820512,0.34962088,0.3074083147893129,0.28738579953798654
249,250,0.31039136302294196,0.22406538,0.4618608198429686,0.3321058537247356
250,251,0.21052631578947367,0.33274138,0.41531405994482845,0.319527251824052
251,252,0.0,0.0,0.0,0.0
252,253,0.0,0.0,0.0,0.0
253,254,0.6005398110661269,0.072811686,0.3957124680167176,0.35635465486179124
254,255,0.26720647773279355,0.5346144,0.364375772412111,0.3887322114397505
255,256,0.3697705802968961,0.45303175,0.40950115469052734,0.4107678278402241
256,257,0.5951417004048583,0.42804554,0.8234405716825274,0.6155426043784785
257,258,0.5222672064777328,0.3207501,0.5539094605697646,0.4656422515157053
258,259,0.26720647773279355,0.5346144,0.364375772412111,0.3887322114397505
259,260,0.12550607287449392,0.08688526,0.23390188896665065,0.14876440679885228
260,261,0.43724696356275305,0.34377468,0.6241486965659314,0.4683901121505405
261,262,0.0,0.0,0.0,0.0
262,263,0.0,0.0,0.0,0.0
263,264,0.26720647773279355,0.5346144,0.364375772412111,0.3887322114397505
264,265,0.21592442645074225,0.42126375,0.40616331715011555,0.34778383265622875
265,266,0.0,0.0,0.0,0.0
266,267,0.0,0.0,0.0,0.0
267,268,0.0,0.0,0.0,0.0
268,269,0.0,0.0,0.0,0.0
269,270,0.0,0.0,0.0,0.0
270,271,0.08367071524966262,0.054406613,0.07815849783667206,0.07207860873261022
271,272,0.08771929824561403,0.055832576,0.156317649222762,0.09995650782500898
272,273,0.0,0.0,0.0,0.0
273,274,0.0,0.0,0.0,0.0
274,275,0.0,0.0,0.0,0.0
275,276,0.26720647773279355,0.5346144,0.364375772412111,0.3887322114397505
276,277,0.0,0.0,0.0,0.0
277,278,0.04048582995951417,0.023564044,0.08309123039028359,0.04904703491198207
278,279,0.0,0.0,0.0,0.0
279,280,0.0,0.0,0.0,0.0
280,281,0.0,0.0,0.0,0.0
281,282,0.20242914979757085,0.53240746,0.2974671693265355,0.3441012605736666
282,283,0.0,0.0,0.0,0.0
283,284,0.26720647773279355,0.5346144,0.364375772412111,0.3887322114397505
284,285,0.0,0.0,0.0,0.0
285,286,0.0,0.0,0.0,0.0
286,287,0.0,0.0,0.0,0.0
287,288,0.0,0.0,0.0,0.0
288,289,0.4008097165991903,0.80192155,0.5465636586181665,0.5830983072255184
289,290,0.31713900134952766,1.0,0.42769368107384614,0.5816108941411245
290,291,0.4143049932523617,0.41810694,0.5209020899324924,0.451104675517922
291,292,0.3508771929824561,0.58902097,0.44253427024878306,0.46081081023825327
292,293,0.13360323886639677,0.2673072,0.1821878862060555,0.19436610571987525
293,294,0.0,0.0,0.0,0.0
294,295,0.13360323886639677,0.2673072,0.1821878862060555,0.19436610571987525
295,296,0.13360323886639677,0.2673072,0.1821878862060555,0.19436610571987525
296,297,0.26720647773279355,0.5346144,0.364375772412111,0.3887322114397505
297,298,0.242914979757085,0.41567588,0.45599178562361437,0.3715275479684932
298,299,0.26720647773279355,0.5346144,0.364375772412111,0.3887322114397505
299,300,0.26720647773279355,0.5346144,0.364375772412111,0.3887322114397505
300,301,0.0,0.0,0.0,0.0
301,302,0.4183535762483131,0.20922571,0.438285302334803,0.35528819759660385
302,303,0.2726045883940621,0.29144162,0.2995443908635978,0.28786353288462324
303,304,0.13360323886639677,0.2673072,0.1821878862060555,0.19436610571987525
304,305,0.0,0.0,0.0,0.0
305,306,0.562753036437247,0.299116,0.5761600732194452,0.47934303176287835
306,307,0.28475033738191635,0.12688644,0.42716318688529514,0.2795999888569563
307,308,0.0,0.0,0.0,0.0
308,309,0.07557354925775979,0.008435085,0.1084979957081526,0.06416887679391751
309,310,0.44534412955465585,0.31343064,0.6298068047673056,0.4628605238143873
310,311,0.38866396761133604,0.5895595,0.5997025747275466,0.5259753459293163
311,312,0.15384615384615385,0.0070916247,0.1539880745612013,0.10497528435654509
312,313,0.24696356275303644,0.28661582,0.44096701015729767,0.32484879721642385
313,314,0.0,0.0,0.0,0.0
314,315,0.13360323886639677,0.2673072,0.1821878862060555,0.19436610571987525
315,316,0.0,0.0,0.0,0.0
316,317,0.13360323886639677,0.2673072,0.1821878862060555,0.19436610571987525
317,318,0.33063427800269907,0.29440916,0.32616392555788304,0.31706911980207475
318,319,0.0,0.0,0.0,0.0
319,320,0.2591093117408907,0.36893138,0.3489602278212048,0.3256669741522038
320,321,0.4116059379217274,0.31192458,0.5869487028394827,0.4368264058401829
321,322,0.12550607287449392,0.1016242,0.1667723416151493,0.13130087091585543
322,323,0.13360323886639677,0.2673072,0.1821878862060555,0.19436610571987525
323,324,0.26720647773279355,0.5346144,0.364375772412111,0.3887322114397505
324,325,0.18218623481781376,0.27255097,0.2740405490618868,0.24292591806521124
325,326,0.13360323886639677,0.2673072,0.1821878862060555,0.19436610571987525
326,327,0.0,0.0,0.0,0.0
327,328,0.0,0.0,0.0,0.0
328,329,0.06882591093117409,0.26510027,0.11527928312047997,0.1497351548537913
329,330,0.0,0.0,0.0,0.0
330,331,0.0,0.0,0.0,0.0
331,332,0.017543859649122806,0.06826045,0.10252106321842139,0.06277512550298628
332,333,0.0,0.0,0.0,0.0
333,334,0.0,0.0,0.0,0.0
334,335,0.0,0.0,0.0,0.0
335,336,0.0,0.0,0.0,0.0
336,337,0.0,0.0,0.0,0.0
337,338,0.0,0.0,0.0,0.0
338,339,0.0,0.0,0.0,0.0
339,340,0.0,0.0,0.0,0.0
340,341,0.0,0.0,0.0,0.0
341,342,0.0,0.0,0.0,0.0
342,343,0.0,0.0,0.0,0.0
343,344,0.0,0.0,0.0,0.0
344,345,0.0,0.0,0.0,0.0
345,346,0.0,0.0,0.0,0.0
346,347,0.0,0.0,0.0,0.0
347,348,0.06882591093117409,0.26510027,0.11527928312047997,0.1497351548537913
348,349,0.08906882591093117,0.07771892,0.28236082292706116,0.14971618994790606
349,350,0.0,0.0,0.0,0.0
350,351,0.0,0.0,0.0,0.0
351,352,0.06882591093117409,0.26510027,0.11527928312047997,0.1497351548537913
352,353,0.0,0.0,0.0,0.0
353,354,0.0,0.0,0.0,0.0
354,355,0.27800269905533065,0.04826887,0.2347130093150846,0.18699485929654966
355,356,0.0,0.0,0.0,0.0
356,357,0.0,0.0,0.0,0.0
357,358,0.26720647773279355,0.5346144,0.364375772412111,0.3887322114397505
358,359,0.0,0.0,0.0,0.0
359,360,0.0,0.0,0.0,0.0
360,361,0.0,0.0,0.0,0.0
361,362,0.9473684210526315,0.17196646,0.36012214298288636,0.49315234245430856
362,363,0.0,0.0,0.0,0.0
363,364,0.0,0.0,0.0,0.0
364,365,0.15114709851551958,0.2766462,0.3176810807765343,0.24849145871141584
365,366,0.0,0.0,0.0,0.0
366,367,0.0,0.0,0.0,0.0
367,368,0.3576248313090418,0.5749373,0.5839980464008864,0.5055200539008985
368,369,0.18893387314439947,0.2970361,0.3236263686956559,0.2698654510649611
369,370,0.26450742240215924,0.09129829,0.37964012155357163,0.24514861118425513
370,371,0.13360323886639677,0.2673072,0.1821878862060555,0.19436610571987525
371,372,0.5209176788124157,0.32133925,0.48039136494750634,0.4408827644569409
372,373,0.0,0.0,0.0,0.0
373,374,0.13360323886639677,0.2673072,0.1821878862060555,0.19436610571987525
374,375,0.3630229419703104,0.36525422,0.49189990236023984,0.4067256892257534
375,376,0.0,0.0,0.0,0.0
376,377,0.0,0.0,0.0,0.0
377,378,0.09851551956815115,0.028722834,0.18913082968814685,0.10545639436611236
378,379,0.30634278002699056,0.30191895,0.4335188639095016,0.3472601991978808
379,380,0.34547908232118757,0.6466002,0.613955451985182,0.5353449070437227
380,381,0.0,0.0,0.0,0.0
381,382,0.3630229419703104,0.5565419,0.5215142988654992,0.4803597201813538
382,383,0.1106612685560054,0.05945784,0.28287696497920084,0.1509986906901717
383,384,0.26720647773279355,0.5346144,0.364375772412111,0.3887322114397505
384,385,0.26720647773279355,0.5346144,0.364375772412111,0.3887322114397505
385,386,0.29959514170040485,0.54815966,0.45483701481590816,0.4341972718083857
386,387,0.0,0.0,0.0,0.0
387,388,0.26720647773279355,0.5346144,0.364375772412111,0.3887322114397505
388,389,0.26720647773279355,0.5346144,0.364375772412111,0.3887322114397505
389,390,0.3684210526315789,0.7149863,0.5769854488121616,0.5534642752513478
390,391,0.3913630229419703,0.60589856,0.5626241025913011,0.5199618948755823
391,392,0.13360323886639677,0.2673072,0.1821878862060555,0.19436610571987525
392,393,0.13360323886639677,0.2673072,0.1821878862060555,0.19436610571987525
393,394,0.26720647773279355,0.5346144,0.364375772412111,0.3887322114397505
394,395,0.3576248313090418,0.63781714,0.5630777048768172,0.5195065601932599
395,396,0.2834008097165992,0.7910225,0.49978467070232924,0.5247359866510258
396,397,0.26720647773279355,0.5346144,0.364375772412111,0.3887322114397505
397,398,0.08906882591093117,0.053437587,0.2005866337048518,0.11436434882985091
398,399,0.1592442645074224,0.061900806,0.15587391460438152,0.12567299493124928
399,400,0.0,0.0,0.0,0.0
400,401,0.6909581646423751,0.06483859,0.5099131955689069,0.42190331614968146
401,402,0.0,0.0,0.0,0.0
402,403,0.0,0.0,0.0,0.0
403,404,0.13360323886639677,0.2673072,0.1821878862060555,0.19436610571987525
404,405,0.0,0.0,0.0,0.0
405,406,0.3549257759784076,0.078039505,0.2920771555945545,0.24168081205353745
406,407,0.0,0.0,0.0,0.0
407,408,0.4048582995951417,0.29389906,0.30962794265508436,0.3361284338486268
408,409,0.6032388663967612,0.084403366,0.290877100277994,0.32617311084173456
409,410,0.0,0.0,0.0,0.0
410,411,0.0,0.0,0.0,0.0
411,412,0.0,0.0,0.0,0.0
412,413,0.2739541160593792,0.06198998,0.4282902746308722,0.25474479079045326
413,414,0.0,0.0,0.0,0.0
414,415,0.0,0.0,0.0,0.0
415,416,0.37516869095816463,0.6832865,0.6323248312328116,0.563593336749053
416,417,0.3576248313090418,0.31505936,0.4670396352864983,0.3799079434791835
417,418,0.16059379217273953,0.044930216,0.08388182756374174,0.09646861188715317
418,419,0.0,0.0,0.0,0.0
419,420,0.0,0.0,0.0,0.0
420,421,0.0,0.0,0.0,0.0
421,422,0.0,0.0,0.0,0.0
422,423,0.0,0.0,0.0,0.0
423,424,0.0,0.0,0.0,0.0
424,425,0.0,0.0,0.0,0.0
425,426,0.3144399460188934,0.35822174,0.34794409932218107,0.3402019282905459
426,427,0.0,0.0,0.0,0.0
427,428,0.13360323886639677,0.2673072,0.1821878862060555,0.19436610571987525
428,429,0.5600539811066126,0.35379308,0.5031488519046219,0.4723319725442214
429,430,0.31713900134952766,0.56388086,0.48887082055127556,0.45663022756877153
430,431,0.11875843454790823,0.20221522,0.12626191313572507,0.1490785240627014
431,432,0.398110661268556,0.2762672,0.3471638918371224,0.34051391793802255
432,433,0.0,0.0,0.0,0.0
433,434,0.0,0.0,0.0,0.0
434,435,0.0,0.0,0.0,0.0
435,436,0.0,0.0,0.0,0.0
436,437,0.0,0.0,0.0,0.0
437,438,0.0,0.0,0.0,0.0
438,439,0.0,0.0,0.0,0.0
439,440,0.0,0.0,0.0,0.0
440,441,0.0,0.0,0.0,0.0
441,442,0.0,0.0,0.0,0.0
442,443,0.0,0.0,0.0,0.0
443,444,0.0,0.0,0.0,0.0
444,445,0.0,0.0,0.0,0.0
445,446,0.0,0.0,0.0,0.0
446,447,0.0,0.0,0.0,0.0
447,448,0.0,0.0,0.0,0.0
448,449,0.0,0.0,0.0,0.0
449,450,0.0,0.0,0.0,0.0
450,451,0.0,0.0,0.0,0.0
451,452,0.0,0.0,0.0,0.0
452,453,0.0,0.0,0.0,0.0
453,454,0.0,0.0,0.0,0.0
454,455,0.0,0.0,0.0,0.0
455,456,0.0,0.0,0.0,0.0
456,457,0.0,0.0,0.0,0.0
457,458,0.0,0.0,0.0,0.0
458,459,0.0,0.0,0.0,0.0
459,460,0.0,0.0,0.0,0.0
460,461,0.0,0.0,0.0,0.0
461,462,0.0,0.0,0.0,0.0
462,463,0.0,0.0,0.0,0.0
463,464,0.0,0.0,0.0,0.0
464,465,0.0,0.0,0.0,0.0
465,466,0.0,0.0,0.0,0.0
466,467,0.0,0.0,0.0,0.0
467,468,0.0,0.0,0.0,0.0
468,469,0.0,0.0,0.0,0.0
469,470,0.0,0.0,0.0,0.0
470,471,0.0,0.0,0.0,0.0
471,472,0.0,0.0,0.0,0.0
472,473,0.0,0.0,0.0,0.0
473,474,0.0,0.0,0.0,0.0
474,475,0.0,0.0,0.0,0.0
475,476,0.0,0.0,0.0,0.0
476,477,0.0,0.0,0.0,0.0
477,478,0.0,0.0,0.0,0.0
478,479,0.0,0.0,0.0,0.0
479,480,0.0,0.0,0.0,0.0
480,481,0.0,0.0,0.0,0.0
481,482,0.0,0.0,0.0,0.0
482,483,0.0,0.0,0.0,0.0
483,484,0.0,0.0,0.0,0.0
484,485,0.0,0.0,0.0,0.0
485,486,0.0,0.0,0.0,0.0
486,487,0.0,0.0,0.0,0.0
487,488,0.0,0.0,0.0,0.0
488,489,0.0,0.0,0.0,0.0
489,490,0.0,0.0,0.0,0.0
490,491,0.0,0.0,0.0,0.0
491,492,0.0,0.0,0.0,0.0
492,493,0.0,0.0,0.0,0.0
493,494,0.0,0.0,0.0,0.0
494,495,0.0,0.0,0.0,0.0
495,496,0.0,0.0,0.0,0.0
496,497,0.0,0.0,0.0,0.0
497,498,0.0,0.0,0.0,0.0
498,499,0.0,0.0,0.0,0.0
499,500,0.0,0.0,0.0,0.0
500,501,0.0,0.0,0.0,0.0
501,502,0.0,0.0,0.0,0.0
502,503,0.0,0.0,0.0,0.0
503,504,0.0,0.0,0.0,0.0
504,505,0.0,0.0,0.0,0.0
