50
Tachyglossus_aculeatus_JX103830_497.90000         0.0000000 0.1492870 0.3417686 0.1323433 0.2659166 0.1054259 0.4493140 0.6227583 0.6493938 0.6264996 0.5406524 0.5971770 0.2246765 0.2677868 0.4433368 0.4727187 0.4322590 0.4287935 0.4143844 0.4180181 0.4504078 0.4374290 0.4498083 0.4130409 0.3718282 0.4447223 0.4415951 0.4765590 0.4694726 0.4352711 0.4269572 0.4374105 0.4368543 0.3930096 0.4291415 0.4631112 0.4153972 0.4377200 0.4051936 0.4312673 0.4969410 0.4867903 0.4449625 0.4915598 0.4868795 0.4318717 0.5029984 0.4856011 0.4951089 0.4930870 
Bos_taurus_NM_001014890.2_500.00000               0.1492870 0.0000000 0.3610875 0.0990247 0.3042818 0.1033546 0.4263758 0.5850952 0.5679477 0.6350419 0.4838534 0.5782654 0.2482741 0.3275793 0.3728417 0.4185247 0.3707986 0.3955113 0.3852611 0.3855834 0.3795719 0.3817298 0.3845525 0.3556201 0.3542471 0.3850065 0.3769914 0.4355976 0.3956127 0.3842231 0.3858095 0.3767744 0.3922894 0.3682705 0.3737270 0.4075879 0.3897629 0.3889495 0.3870950 0.3899220 0.4148869 0.4060705 0.4026833 0.4084144 0.4119252 0.3871590 0.4313236 0.4126560 0.4214837 0.4101010 
Conger_myriaster_AB043817.1_486.00000             0.3417686 0.3610875 0.0000000 0.3629371 0.3161777 0.3391722 0.2783163 0.4472916 0.3854846 0.4094039 0.3117294 0.3199004 0.3768003 0.1969165 0.2566058 0.2724108 0.2836558 0.2939979 0.2927184 0.2748577 0.2858378 0.2875917 0.3069115 0.2802183 0.2725520 0.2812577 0.2760829 0.3078465 0.2642138 0.2781043 0.2913592 0.2792344 0.2755293 0.2783015 0.2801039 0.2605671 0.2894639 0.2906821 0.2703391 0.2951218 0.2618835 0.2591768 0.2964293 0.2834812 0.2783739 0.3020878 0.2708333 0.2524991 0.2786449 0.2794783 
Tursiops_truncatus_AF055456_488.00000             0.1323433 0.0990247 0.3629371 0.0000000 0.3057526 0.0989877 0.4308332 0.6150381 0.6014892 0.6317073 0.5291351 0.5907136 0.2521569 0.2980336 0.4363099 0.4691392 0.4185971 0.4266447 0.4077057 0.4054812 0.4232955 0.4254724 0.4499165 0.4021511 0.3691342 0.4233886 0.4140956 0.4511113 0.4570427 0.4248253 0.4154409 0.4151263 0.4297904 0.3830998 0.4175143 0.4508738 0.4181069 0.4077957 0.3838662 0.4195597 0.4676220 0.4492016 0.4197505 0.4900862 0.4855266 0.4297606 0.4800529 0.4584137 0.4791734 0.4578799 
Latimeria_chalumnae_AH007712.2_482.00000          0.2659166 0.3042818 0.3161777 0.3057526 0.0000000 0.2965370 0.4705836 0.6288495 0.5864849 0.6029039 0.5717057 0.6618011 0.2889659 0.3211865 0.4153783 0.4607351 0.4522518 0.4815233 0.4645528 0.4425326 0.4565796 0.4555291 0.4781906 0.4609700 0.4681596 0.4701147 0.4595363 0.5004930 0.4441927 0.4642916 0.4485477 0.4737480 0.4853100 0.4677624 0.4524032 0.4416211 0.4768761 0.4291447 0.4401014 0.4528699 0.4724830 0.4560470 0.4775108 0.4580156 0.4411216 0.4757084 0.4403747 0.4461610 0.4372326 0.4321197 
Loxodonta_africana_AY686752.1_496.00000           0.1054259 0.1033546 0.3391722 0.0989877 0.2965370 0.0000000 0.4450819 0.6109647 0.5995488 0.5787897 0.5085767 0.5800874 0.2483173 0.2652364 0.4029977 0.4296279 0.4152752 0.4356609 0.4126581 0.4231719 0.4328582 0.4350648 0.4470931 0.4113242 0.3774041 0.4432928 0.4235026 0.4821119 0.4190677 0.4460300 0.4248671 0.4202762 0.4467938 0.3918432 0.4269903 0.4192450 0.4397576 0.4443363 0.4123225 0.4290623 0.4317445 0.4227248 0.4588261 0.4396897 0.4354609 0.4296266 0.4588856 0.4289874 0.4401613 0.4411165 
Sebastolobus_altivelis_DQ490124_483.00000         0.4493140 0.4263758 0.2783163 0.4308332 0.4705836 0.4450819 0.0000000 0.3449420 0.2493367 0.3507482 0.2780378 0.3523069 0.4536956 0.3005501 0.2736823 0.1547734 0.1630648 0.1572046 0.1473553 0.1525660 0.1679713 0.1592564 0.1689835 0.1400847 0.1299468 0.1653040 0.1706810 0.1621086 0.1526160 0.1625493 0.1497528 0.1533760 0.1268388 0.1301373 0.1495563 0.1240279 0.1336463 0.1613083 0.1677079 0.1461509 0.1767321 0.1697556 0.1434758 0.1649910 0.1652873 0.1643581 0.1486625 0.1617945 0.1720143 0.1606176 
Aristostomias_scintillans_EU407248.1_526.00000    0.6227583 0.5850952 0.4472916 0.6150381 0.6288495 0.6109647 0.3449420 0.0000000 0.2699150 0.4152513 0.3787652 0.3788464 0.6366599 0.4996240 0.4027416 0.2869600 0.3134819 0.2953723 0.3129484 0.2917072 0.3247950 0.3005377 0.3036585 0.2944327 0.2712457 0.3398068 0.3015970 0.3305181 0.2905053 0.3418729 0.3137733 0.3097895 0.3255044 0.2830985 0.2995071 0.2958991 0.2905987 0.3066866 0.2880240 0.3099324 0.3182823 0.3111196 0.2954567 0.2943696 0.3100055 0.3207220 0.3019187 0.3074453 0.3192469 0.2952535 
Chauliodus_macouni_EU407250.1_489.00000           0.6493938 0.5679477 0.3854846 0.6014892 0.5864849 0.5995488 0.2493367 0.2699150 0.0000000 0.4418912 0.3297379 0.3381207 0.6512138 0.4218835 0.3271006 0.2433772 0.2813002 0.2754122 0.2887719 0.2961404 0.2955632 0.2837058 0.2977843 0.2851614 0.2664780 0.2898707 0.2832833 0.3313026 0.2521475 0.2760633 0.2891228 0.2728742 0.3005836 0.2722891 0.2744804 0.2571945 0.2675795 0.2774313 0.2527535 0.2851516 0.2504537 0.2545816 0.2721812 0.2611139 0.2603011 0.2872824 0.2448901 0.2275291 0.2701238 0.2518811 
Stenobrachius_leucopsarus_EU407251.1_492.00000    0.6264996 0.6350419 0.4094039 0.6317073 0.6029039 0.5787897 0.3507482 0.4152513 0.4418912 0.0000000 0.3803393 0.3884672 0.5650224 0.4920187 0.4597393 0.3059704 0.3012768 0.2666468 0.3021441 0.2941436 0.3032747 0.2860325 0.2878553 0.2703923 0.2598160 0.3359647 0.3056037 0.3105489 0.3250467 0.3054262 0.2963246 0.3052116 0.3097782 0.2720735 0.2896578 0.3209908 0.2554057 0.3129994 0.2807535 0.2923482 0.3822074 0.3711191 0.2848990 0.3263327 0.3435097 0.3086378 0.3264381 0.3270419 0.3498772 0.3313896 
Lepidopus_fitchi_EU407252.1_507.00000             0.5406524 0.4838534 0.3117294 0.5291351 0.5717057 0.5085767 0.2780378 0.3787652 0.3297379 0.3803393 0.0000000 0.1516281 0.5392242 0.3530400 0.2831457 0.2253185 0.2326380 0.2200636 0.2235122 0.2415155 0.2302012 0.2275988 0.2288426 0.2052690 0.2130283 0.2468626 0.2217496 0.2472766 0.2152903 0.2360917 0.2177100 0.2315552 0.1966100 0.2235909 0.2251450 0.2182930 0.1934809 0.2283452 0.2272758 0.2213692 0.2408557 0.2292081 0.2190145 0.2332529 0.2357777 0.2303164 0.2346481 0.2296934 0.2378909 0.2373388 
Lepidopus_fitchi_EU407253.1_486.00000             0.5971770 0.5782654 0.3199004 0.5907136 0.6618011 0.5800874 0.3523069 0.3788464 0.3381207 0.3884672 0.1516281 0.0000000 0.6043245 0.4193811 0.3374511 0.3045657 0.2964914 0.2875221 0.2828703 0.3090269 0.2875036 0.2844315 0.3045702 0.2791164 0.2658732 0.2977615 0.3020885 0.3488238 0.3145100 0.2850971 0.3041600 0.2927499 0.3194219 0.2828514 0.2942222 0.3099094 0.2688931 0.2957860 0.2583209 0.3078440 0.3132581 0.3105498 0.2964899 0.3204841 0.3234879 0.3140982 0.3090290 0.2877218 0.3096419 0.3137840 
Anolis_carolinensis_L31503_491.00000              0.2246765 0.2482741 0.3768003 0.2521569 0.2889659 0.2483173 0.4536956 0.6366599 0.6512138 0.5650224 0.5392242 0.6043245 0.0000000 0.3528539 0.4785957 0.4976737 0.4340914 0.4629829 0.4352736 0.4497946 0.4360844 0.4608595 0.4644076 0.4330537 0.4202135 0.4224641 0.4647943 0.4566952 0.4869325 0.4255831 0.4580050 0.4453325 0.4324904 0.4263496 0.4551762 0.4722691 0.4496837 0.4696644 0.4606864 0.4536089 0.5107451 0.5052159 0.4784121 0.4983106 0.4819962 0.4684864 0.5247278 0.4945089 0.4939542 0.5074204 
Anguilla_japonica_LC464070.1_479.00000            0.2677868 0.3275793 0.1969165 0.2980336 0.3211865 0.2652364 0.3005501 0.4996240 0.4218835 0.4920187 0.3530400 0.4193811 0.3528539 0.0000000 0.2706287 0.2920331 0.3367712 0.3207183 0.3120189 0.3203960 0.3392976 0.3274712 0.3502785 0.3270717 0.2988019 0.3357669 0.3282873 0.3665148 0.2942733 0.3439284 0.3316064 0.3316902 0.3184982 0.3180923 0.3194647 0.3008653 0.3164745 0.3386885 0.2952332 0.3356277 0.3180728 0.3145758 0.3313766 0.3168157 0.3057030 0.3404990 0.3136211 0.2868227 0.3054679 0.3072801 
Astyanax_mexicanus_U12328.1_504.00000             0.4433368 0.3728417 0.2566058 0.4363099 0.4153783 0.4029977 0.2736823 0.4027416 0.3271006 0.4597393 0.2831457 0.3374511 0.4785957 0.2706287 0.0000000 0.2368308 0.2882142 0.2764211 0.2898387 0.2621008 0.2973013 0.2806114 0.2899245 0.2506194 0.2528675 0.2976769 0.2841939 0.3072372 0.2193840 0.2717585 0.2722606 0.2911839 0.2685370 0.2593817 0.2763387 0.2241069 0.2607690 0.2764624 0.2512905 0.2760339 0.2646981 0.2525800 0.2601317 0.2484719 0.2538873 0.2939822 0.2368284 0.2446045 0.2467429 0.2384360 
Altolamprologus_calvus_AB458132.1_498.00000       0.4727187 0.4185247 0.2724108 0.4691392 0.4607351 0.4296279 0.1547734 0.2869600 0.2433772 0.3059704 0.2253185 0.3045657 0.4976737 0.2920331 0.2368308 0.0000000 0.0314252 0.0000010 0.0423668 0.0359109 0.0426205 0.0352716 0.0461602 0.0277494 0.0386865 0.0470256 0.0384091 0.0512452 0.0274159 0.0664968 0.0241170 0.0314296 0.0589587 0.0348534 0.0207008 0.0339089 0.0202437 0.0537254 0.0502338 0.0275379 0.0476780 0.0436748 0.0249087 0.0400077 0.0508198 0.0322774 0.0405878 0.0241984 0.0408035 0.0374465 
Aulonocara_sp._AB185214.1_495.00000               0.4322590 0.3707986 0.2836558 0.4185971 0.4522518 0.4152752 0.1630648 0.3134819 0.2813002 0.3012768 0.2326380 0.2964914 0.4340914 0.3367712 0.2882142 0.0314252 0.0000000 0.0314252 0.0339929 0.0276443 0.0236646 0.0309088 0.0415066 0.0239799 0.0378391 0.0270504 0.0340152 0.0512429 0.0273253 0.0459739 0.0134955 0.0166049 0.0546519 0.0340931 0.0167932 0.0277598 0.0386807 0.0524835 0.0647733 0.0168634 0.0384338 0.0377663 0.0481020 0.0415066 0.0461954 0.0205440 0.0495905 0.0312003 0.0426341 0.0455862 
Altolamprologus_calvus_AB084924.1_499.00000       0.4287935 0.3955113 0.2939979 0.4266447 0.4815233 0.4356609 0.1572046 0.2953723 0.2754122 0.2666468 0.2200636 0.2875221 0.4629829 0.3207183 0.2764211 0.0000010 0.0314252 0.0000000 0.0423668 0.0359109 0.0426205 0.0352716 0.0461602 0.0277494 0.0386865 0.0470256 0.0384091 0.0512452 0.0315728 0.0664968 0.0241170 0.0314296 0.0589587 0.0348534 0.0207008 0.0354141 0.0202437 0.0537254 0.0502338 0.0275379 0.0552736 0.0504917 0.0249087 0.0461602 0.0589083 0.0322774 0.0469430 0.0278373 0.0472270 0.0433022 
Baileychromis_centropomoides_AB185217.1_492.00000 0.4143844 0.3852611 0.2927184 0.4077057 0.4645528 0.4126581 0.1473553 0.3129484 0.2887719 0.3021441 0.2235122 0.2828703 0.4352736 0.3120189 0.2898387 0.0423668 0.0339929 0.0423668 0.0000000 0.0345829 0.0346726 0.0343772 0.0449925 0.0432181 0.0445088 0.0347333 0.0447128 0.0697634 0.0380105 0.0494512 0.0340426 0.0168616 0.0692327 0.0407233 0.0271931 0.0488450 0.0497935 0.0667471 0.0638291 0.0374093 0.0570510 0.0556634 0.0592007 0.0449925 0.0454197 0.0348080 0.0531599 0.0534125 0.0460050 0.0491182 
Bathybates_fasciatus_AB185218.1_501.00000         0.4180181 0.3855834 0.2748577 0.4054812 0.4425326 0.4231719 0.1525660 0.2917072 0.2961404 0.2941436 0.2415155 0.3090269 0.4497946 0.3203960 0.2621008 0.0359109 0.0276443 0.0359109 0.0345829 0.0000000 0.0426624 0.0353144 0.0462004 0.0367697 0.0458336 0.0422084 0.0384513 0.0590151 0.0316149 0.0387914 0.0276852 0.0239518 0.0507661 0.0419312 0.0207359 0.0341021 0.0433905 0.0461082 0.0463821 0.0311124 0.0541626 0.0495032 0.0396414 0.0462004 0.0546008 0.0317506 0.0505070 0.0470708 0.0553774 0.0461068 
Benthochromis_tricoti_AB084927.1_488.00000        0.4504078 0.3795719 0.2858378 0.4232955 0.4565796 0.4328582 0.1679713 0.3247950 0.2955632 0.3032747 0.2302012 0.2875036 0.4360844 0.3392976 0.2973013 0.0426205 0.0236646 0.0426205 0.0346726 0.0426624 0.0000000 0.0239318 0.0380203 0.0452896 0.0565180 0.0348530 0.0342311 0.0732715 0.0310475 0.0502586 0.0381063 0.0239472 0.0727142 0.0524940 0.0203078 0.0532678 0.0501011 0.0565115 0.0656214 0.0415280 0.0497315 0.0452128 0.0642650 0.0380203 0.0540838 0.0423688 0.0385582 0.0385805 0.0316386 0.0347118 
Cyphotilapia_frontosa_AB084929.1_487.00000        0.4374290 0.3817298 0.2875917 0.4254724 0.4555291 0.4350648 0.1592564 0.3005377 0.2837058 0.2860325 0.2275988 0.2844315 0.4608595 0.3274712 0.2806114 0.0352716 0.0309088 0.0352716 0.0343772 0.0353144 0.0239318 0.0000000 0.0202547 0.0380585 0.0491250 0.0494996 0.0166683 0.0655814 0.0275603 0.0576121 0.0309545 0.0309133 0.0650861 0.0451953 0.0134336 0.0458826 0.0426409 0.0529514 0.0619642 0.0343662 0.0500131 0.0454604 0.0563780 0.0202547 0.0277881 0.0350656 0.0205176 0.0387892 0.0208044 0.0169421 
Cyprichromis_leptosoma_AB084930.1_498.00000       0.4498083 0.3845525 0.3069115 0.4499165 0.4781906 0.4470931 0.1689835 0.3036585 0.2977843 0.2878553 0.2288426 0.3045702 0.4644076 0.3502785 0.2899245 0.0461602 0.0415066 0.0461602 0.0449925 0.0462004 0.0380203 0.0202547 0.0000000 0.0487637 0.0530935 0.0527484 0.0376234 0.0615576 0.0345002 0.0538500 0.0415686 0.0415074 0.0692786 0.0490912 0.0307637 0.0498301 0.0536689 0.0676574 0.0771491 0.0381296 0.0688602 0.0638954 0.0679806 0.0000010 0.0209289 0.0458876 0.0272584 0.0573050 0.0276346 0.0236343 
Dimidiochromis_compressiceps_AB084931.1_502.00000 0.4130409 0.3556201 0.2802183 0.4021511 0.4609700 0.4113242 0.1400847 0.2944327 0.2851614 0.2703923 0.2052690 0.2791164 0.4330537 0.3270717 0.2506194 0.0277494 0.0239799 0.0277494 0.0432181 0.0367697 0.0452896 0.0380585 0.0487637 0.0000000 0.0236775 0.0511435 0.0411099 0.0465338 0.0202563 0.0640023 0.0135243 0.0322507 0.0387017 0.0166856 0.0236906 0.0101944 0.0170378 0.0461749 0.0596131 0.0168988 0.0547505 0.0462662 0.0260267 0.0487637 0.0577032 0.0313162 0.0494815 0.0459542 0.0540174 0.0454877 
Diplotaxodon_macrops_AB185220.1_500.00000         0.3718282 0.3542471 0.2725520 0.3691342 0.4681596 0.3774041 0.1299468 0.2712457 0.2664780 0.2598160 0.2130283 0.2658732 0.4202135 0.2988019 0.2528675 0.0386865 0.0378391 0.0386865 0.0445088 0.0458336 0.0565180 0.0491250 0.0530935 0.0236775 0.0000000 0.0600002 0.0520963 0.0629164 0.0344116 0.0761460 0.0307236 0.0411861 0.0507572 0.0066564 0.0343233 0.0205849 0.0312761 0.0636202 0.0685402 0.0273203 0.0687512 0.0600016 0.0402686 0.0530935 0.0581713 0.0421298 0.0648476 0.0611301 0.0657547 0.0606032 
Gnathochromis_permaxillaris_AB084932.1_497.00000  0.4447223 0.3850065 0.2812577 0.4233886 0.4701147 0.4432928 0.1653040 0.3398068 0.2898707 0.3359647 0.2468626 0.2977615 0.4224641 0.3357669 0.2976769 0.0470256 0.0270504 0.0470256 0.0347333 0.0422084 0.0348530 0.0494996 0.0527484 0.0511435 0.0600002 0.0000000 0.0524868 0.0784266 0.0457133 0.0421460 0.0415596 0.0169467 0.0694054 0.0559503 0.0345880 0.0567578 0.0546777 0.0719501 0.0773929 0.0449702 0.0498497 0.0486318 0.0644677 0.0527484 0.0691807 0.0425001 0.0660823 0.0429523 0.0621900 0.0649362 
Greenwoodochromis_bellcrossi_AB185221.1_488.00000 0.4415951 0.3769914 0.2760829 0.4140956 0.4595363 0.4235026 0.1706810 0.3015970 0.2832833 0.3056037 0.2217496 0.3020885 0.4647943 0.3282873 0.2841939 0.0384091 0.0340152 0.0384091 0.0447128 0.0384513 0.0342311 0.0166683 0.0376234 0.0411099 0.0520963 0.0524868 0.0000000 0.0684464 0.0307120 0.0683415 0.0340650 0.0340188 0.0679350 0.0481810 0.0166446 0.0488946 0.0457247 0.0558915 0.0648832 0.0374367 0.0530180 0.0484598 0.0594437 0.0376234 0.0456953 0.0381871 0.0381492 0.0418882 0.0352757 0.0343493 
Haplochromis_sp._AB084933.1_501.00000             0.4765590 0.4355976 0.3078465 0.4511113 0.5004930 0.4821119 0.1621086 0.3305181 0.3313026 0.3105489 0.2472766 0.3488238 0.4566952 0.3665148 0.3072372 0.0512452 0.0512429 0.0512452 0.0697634 0.0590151 0.0732715 0.0655814 0.0615576 0.0465338 0.0629164 0.0784266 0.0684464 0.0000000 0.0539118 0.0925542 0.0358138 0.0581917 0.0557438 0.0547619 0.0499708 0.0440217 0.0626030 0.0711800 0.0857439 0.0322648 0.0688714 0.0596011 0.0668150 0.0615576 0.0621103 0.0487329 0.0696484 0.0671875 0.0701711 0.0582448 
Haplotaxodon_microlepis_AB458142.1_504.00000      0.4694726 0.3956127 0.2642138 0.4570427 0.4441927 0.4190677 0.1526160 0.2905053 0.2521475 0.3250467 0.2152903 0.3145100 0.4869325 0.2942733 0.2193840 0.0274159 0.0273253 0.0315728 0.0380105 0.0316149 0.0310475 0.0275603 0.0345002 0.0202563 0.0344116 0.0457133 0.0307120 0.0539118 0.0000000 0.0615059 0.0203264 0.0273304 0.0459829 0.0271513 0.0168667 0.0271194 0.0242504 0.0453784 0.0540642 0.0237009 0.0465477 0.0362720 0.0367355 0.0300176 0.0436106 0.0313893 0.0303756 0.0368332 0.0372052 0.0271146 
Hemibates_stenosoma_AB185222.1_496.00000          0.4352711 0.3842231 0.2781043 0.4248253 0.4642916 0.4460300 0.1625493 0.3418729 0.2760633 0.3054262 0.2360917 0.2850971 0.4255831 0.3439284 0.2717585 0.0664968 0.0459739 0.0664968 0.0494512 0.0387914 0.0502586 0.0576121 0.0538500 0.0640023 0.0761460 0.0421460 0.0683415 0.0925542 0.0615059 0.0000000 0.0537610 0.0383813 0.0840508 0.0718404 0.0498580 0.0696290 0.0660723 0.0755864 0.0708356 0.0572495 0.0725804 0.0718289 0.0782195 0.0538500 0.0706247 0.0574526 0.0729556 0.0655556 0.0790040 0.0683751 
Labidochromis_caeruleus_AB084934.1_500.00000      0.4269572 0.3858095 0.2913592 0.4154409 0.4485477 0.4248671 0.1497528 0.3137733 0.2891228 0.2963246 0.2177100 0.3041600 0.4580050 0.3316064 0.2722606 0.0241170 0.0134955 0.0241170 0.0340426 0.0276852 0.0381063 0.0309545 0.0415686 0.0135243 0.0307236 0.0415596 0.0340650 0.0358138 0.0203264 0.0537610 0.0000000 0.0235632 0.0432483 0.0235724 0.0168173 0.0171409 0.0277699 0.0414905 0.0610203 0.0032944 0.0460430 0.0379334 0.0365897 0.0415686 0.0462662 0.0205740 0.0421647 0.0386669 0.0425037 0.0382705 
Limnochromis_staneri_AB185225.1_498.00000         0.4374105 0.3767744 0.2792344 0.4151263 0.4737480 0.4202762 0.1533760 0.3097895 0.2728742 0.3052116 0.2315552 0.2927499 0.4453325 0.3316902 0.2911839 0.0314296 0.0166049 0.0314296 0.0168616 0.0239518 0.0239472 0.0309133 0.0415074 0.0322507 0.0411861 0.0169467 0.0340188 0.0581917 0.0273304 0.0383813 0.0235632 0.0000000 0.0577546 0.0374196 0.0167986 0.0379997 0.0386828 0.0556511 0.0605619 0.0269095 0.0383606 0.0374336 0.0476442 0.0415074 0.0496110 0.0240948 0.0495871 0.0348068 0.0502799 0.0455851 
Oreochromis_niloticus_AB084938.1_505.00000        0.4368543 0.3922894 0.2755293 0.4297904 0.4853100 0.4467938 0.1268388 0.3255044 0.3005836 0.3097782 0.1966100 0.3194219 0.4324904 0.3184982 0.2685370 0.0589587 0.0546519 0.0589587 0.0692327 0.0507661 0.0727142 0.0650861 0.0692786 0.0387017 0.0507572 0.0694054 0.0679350 0.0557438 0.0459829 0.0840508 0.0432483 0.0577546 0.0000000 0.0429247 0.0496020 0.0315901 0.0472220 0.0602005 0.0739963 0.0396926 0.0755390 0.0667332 0.0487994 0.0692786 0.0801775 0.0513524 0.0743666 0.0700836 0.0826949 0.0730572 
Pallidochromis_tokolosh_AB185229.1_500.00000      0.3930096 0.3682705 0.2783015 0.3830998 0.4677624 0.3918432 0.1301373 0.2830985 0.2722891 0.2720735 0.2235909 0.2828514 0.4263496 0.3180923 0.2593817 0.0348534 0.0340931 0.0348534 0.0407233 0.0419312 0.0524940 0.0451953 0.0490912 0.0166856 0.0066564 0.0559503 0.0481810 0.0547619 0.0271513 0.0718404 0.0235724 0.0374196 0.0429247 0.0000000 0.0306159 0.0135432 0.0239854 0.0557868 0.0643266 0.0202102 0.0645265 0.0522277 0.0325086 0.0490912 0.0540245 0.0382730 0.0568191 0.0569968 0.0614978 0.0527270 
Perissodus_elaviae_AB185230.1_490.00000           0.4291415 0.3737270 0.2801039 0.4175143 0.4524032 0.4269903 0.1495563 0.2995071 0.2744804 0.2896578 0.2251450 0.2942222 0.4551762 0.3194647 0.2763387 0.0207008 0.0167932 0.0207008 0.0271931 0.0207359 0.0203078 0.0134336 0.0307637 0.0236906 0.0343233 0.0345880 0.0166446 0.0499708 0.0168667 0.0498580 0.0168173 0.0167986 0.0496020 0.0306159 0.0000000 0.0311091 0.0277853 0.0415091 0.0500047 0.0201711 0.0349581 0.0307944 0.0404818 0.0307637 0.0425640 0.0205817 0.0311841 0.0241437 0.0316200 0.0274551 
Pseudotropheus_sp._GQ422475.1_498.00000           0.4631112 0.4075879 0.2605671 0.4508738 0.4416211 0.4192450 0.1240279 0.2958991 0.2571945 0.3209908 0.2182930 0.3099094 0.4722691 0.3008653 0.2241069 0.0339089 0.0277598 0.0354141 0.0488450 0.0341021 0.0532678 0.0458826 0.0498301 0.0101944 0.0205849 0.0567578 0.0488946 0.0440217 0.0271194 0.0696290 0.0171409 0.0379997 0.0315901 0.0135432 0.0311091 0.0000000 0.0243896 0.0528963 0.0652344 0.0137175 0.0566124 0.0492009 0.0246481 0.0464221 0.0506852 0.0352200 0.0531622 0.0500535 0.0571943 0.0496094 
Spathodus_erythrodon_AB084941.1_502.00000         0.4153972 0.3897629 0.2894639 0.4181069 0.4768761 0.4397576 0.1336463 0.2905987 0.2675795 0.2554057 0.1934809 0.2688931 0.4496837 0.3164745 0.2607690 0.0202437 0.0386807 0.0202437 0.0497935 0.0433905 0.0501011 0.0426409 0.0536689 0.0170378 0.0312761 0.0546777 0.0457247 0.0626030 0.0242504 0.0660723 0.0277699 0.0386828 0.0472220 0.0239854 0.0277853 0.0243896 0.0000000 0.0498386 0.0533347 0.0312188 0.0664262 0.0537010 0.0210940 0.0536689 0.0667876 0.0430885 0.0468604 0.0419961 0.0592501 0.0503283 
Trematocara_unimaculatum_AB185238.1_484.00000     0.4377200 0.3889495 0.2906821 0.4077957 0.4291447 0.4443363 0.1613083 0.3066866 0.2774313 0.3129994 0.2283452 0.2957860 0.4696644 0.3386885 0.2764624 0.0537254 0.0524835 0.0537254 0.0667471 0.0461082 0.0565115 0.0529514 0.0676574 0.0461749 0.0636202 0.0719501 0.0558915 0.0711800 0.0453784 0.0755864 0.0414905 0.0556511 0.0602005 0.0557868 0.0415091 0.0528963 0.0498386 0.0000000 0.0425357 0.0448966 0.0567739 0.0526487 0.0515690 0.0676574 0.0810859 0.0457932 0.0493801 0.0529216 0.0657270 0.0523935 
Trematocara_macrostoma_AB084945.1_488.00000       0.4051936 0.3870950 0.2703391 0.3838662 0.4401014 0.4123225 0.1677079 0.2880240 0.2527535 0.2807535 0.2272758 0.2583209 0.4606864 0.2952332 0.2512905 0.0502338 0.0647733 0.0502338 0.0638291 0.0463821 0.0656214 0.0619642 0.0771491 0.0596131 0.0685402 0.0773929 0.0648832 0.0857439 0.0540642 0.0708356 0.0610203 0.0605619 0.0739963 0.0643266 0.0500047 0.0652344 0.0533347 0.0425357 0.0000000 0.0644958 0.0751876 0.0699427 0.0538183 0.0771491 0.0818979 0.0592990 0.0656023 0.0504454 0.0668606 0.0617467 
Tropheus_duboisi_AB084946.1_501.00000             0.4312673 0.3899220 0.2951218 0.4195597 0.4528699 0.4290623 0.1461509 0.3099324 0.2851516 0.2923482 0.2213692 0.3078440 0.4536089 0.3356277 0.2760339 0.0275379 0.0168634 0.0275379 0.0374093 0.0311124 0.0415280 0.0343662 0.0381296 0.0168988 0.0273203 0.0449702 0.0374367 0.0322648 0.0237009 0.0572495 0.0032944 0.0269095 0.0396926 0.0202102 0.0201711 0.0137175 0.0312188 0.0448966 0.0644958 0.0000000 0.0495161 0.0413348 0.0401837 0.0381296 0.0427507 0.0239865 0.0456329 0.0421358 0.0459947 0.0417075 
Xenotilapia_nigrolabiata_AB458130.1_488.00000     0.4969410 0.4148869 0.2618835 0.4676220 0.4724830 0.4317445 0.1767321 0.3182823 0.2504537 0.3822074 0.2408557 0.3132581 0.5107451 0.3180728 0.2646981 0.0476780 0.0384338 0.0552736 0.0570510 0.0541626 0.0497315 0.0500131 0.0688602 0.0547505 0.0687512 0.0498497 0.0530180 0.0688714 0.0465477 0.0725804 0.0460430 0.0383606 0.0755390 0.0645265 0.0349581 0.0566124 0.0664262 0.0567739 0.0751876 0.0495161 0.0000000 0.0089552 0.0645085 0.0595109 0.0674880 0.0239993 0.0603162 0.0307375 0.0610549 0.0537755 
Xenotilapia_caudafasciata_AB458131.1_491.00000    0.4867903 0.4060705 0.2591768 0.4492016 0.4560470 0.4227248 0.1697556 0.3111196 0.2545816 0.3711191 0.2292081 0.3105498 0.5052159 0.3145758 0.2525800 0.0436748 0.0377663 0.0504917 0.0556634 0.0495032 0.0452128 0.0454604 0.0638954 0.0462662 0.0600016 0.0486318 0.0484598 0.0596011 0.0362720 0.0718289 0.0379334 0.0374336 0.0667332 0.0522277 0.0307944 0.0492009 0.0537010 0.0526487 0.0699427 0.0413348 0.0089552 0.0000000 0.0515882 0.0553649 0.0631246 0.0351784 0.0494730 0.0337483 0.0567744 0.0431335 
Xenotilapia_ochrogenys_AB084947.1_503.00000       0.4449625 0.4026833 0.2964293 0.4197505 0.4775108 0.4588261 0.1434758 0.2954567 0.2721812 0.2848990 0.2190145 0.2964899 0.4784121 0.3313766 0.2601317 0.0249087 0.0481020 0.0249087 0.0592007 0.0396414 0.0642650 0.0563780 0.0679806 0.0260267 0.0402686 0.0644677 0.0594437 0.0668150 0.0367355 0.0782195 0.0365897 0.0476442 0.0487994 0.0325086 0.0404818 0.0246481 0.0210940 0.0515690 0.0538183 0.0401837 0.0645085 0.0515882 0.0000000 0.0679806 0.0778091 0.0449070 0.0572791 0.0521133 0.0743481 0.0559617 
Cyprichromis_leptosoma_AB458118.1_500.00000       0.4915598 0.4084144 0.2834812 0.4900862 0.4580156 0.4396897 0.1649910 0.2943696 0.2611139 0.3263327 0.2332529 0.3204841 0.4983106 0.3168157 0.2484719 0.0400077 0.0415066 0.0461602 0.0449925 0.0462004 0.0380203 0.0202547 0.0000010 0.0487637 0.0530935 0.0527484 0.0376234 0.0615576 0.0300176 0.0538500 0.0415686 0.0415074 0.0692786 0.0490912 0.0307637 0.0464221 0.0536689 0.0676574 0.0771491 0.0381296 0.0595109 0.0553649 0.0679806 0.0000000 0.0181937 0.0458876 0.0237596 0.0496012 0.0240459 0.0206288 
Paracyprichromis_brieni_AB458120.1_491.00000      0.4868795 0.4119252 0.2783739 0.4855266 0.4411216 0.4354609 0.1652873 0.3100055 0.2603011 0.3435097 0.2357777 0.3234879 0.4819962 0.3057030 0.2538873 0.0508198 0.0461954 0.0589083 0.0454197 0.0546008 0.0540838 0.0277881 0.0209289 0.0577032 0.0581713 0.0691807 0.0456953 0.0621103 0.0436106 0.0706247 0.0462662 0.0496110 0.0801775 0.0540245 0.0425640 0.0506852 0.0667876 0.0810859 0.0818979 0.0427507 0.0674880 0.0631246 0.0778091 0.0181937 0.0000000 0.0507697 0.0304165 0.0607549 0.0308109 0.0336354 
Xenotilapia_papilio_AB457996.1_497.00000          0.4318717 0.3871590 0.3020878 0.4297606 0.4757084 0.4296266 0.1643581 0.3207220 0.2872824 0.3086378 0.2303164 0.3140982 0.4684864 0.3404990 0.2939822 0.0322774 0.0205440 0.0322774 0.0348080 0.0317506 0.0423688 0.0350656 0.0458876 0.0313162 0.0421298 0.0425001 0.0381871 0.0487329 0.0313893 0.0574526 0.0205740 0.0240948 0.0513524 0.0382730 0.0205817 0.0352200 0.0430885 0.0457932 0.0592990 0.0239865 0.0239993 0.0351784 0.0449070 0.0458876 0.0507697 0.0000000 0.0542362 0.0354703 0.0550028 0.0468002 
Paracyprichromis_brieni_AB458121.1_494.00000      0.5029984 0.4313236 0.2708333 0.4800529 0.4403747 0.4588856 0.1486625 0.3019187 0.2448901 0.3264381 0.2346481 0.3090290 0.5247278 0.3136211 0.2368284 0.0405878 0.0495905 0.0469430 0.0531599 0.0505070 0.0385582 0.0205176 0.0272584 0.0494815 0.0648476 0.0660823 0.0381492 0.0696484 0.0303756 0.0729556 0.0421647 0.0495871 0.0743666 0.0568191 0.0311841 0.0531622 0.0468604 0.0493801 0.0656023 0.0456329 0.0603162 0.0494730 0.0572791 0.0237596 0.0304165 0.0542362 0.0000000 0.0436961 0.0243268 0.0121122 
Neolamprologus_ventralis_AB458138.1_493.00000     0.4856011 0.4126560 0.2524991 0.4584137 0.4461610 0.4289874 0.1617945 0.3074453 0.2275291 0.3270419 0.2296934 0.2877218 0.4945089 0.2868227 0.2446045 0.0241984 0.0312003 0.0278373 0.0534125 0.0470708 0.0385805 0.0387892 0.0573050 0.0459542 0.0611301 0.0429523 0.0418882 0.0671875 0.0368332 0.0655556 0.0386669 0.0348068 0.0700836 0.0569968 0.0241437 0.0500535 0.0419961 0.0529216 0.0504454 0.0421358 0.0307375 0.0337483 0.0521133 0.0496012 0.0607549 0.0354703 0.0436961 0.0000000 0.0508680 0.0405541 
Paracyprichromis_nigripinnis_AB458122.1_492.00000 0.4951089 0.4214837 0.2786449 0.4791734 0.4372326 0.4401613 0.1720143 0.3192469 0.2701238 0.3498772 0.2378909 0.3096419 0.4939542 0.3054679 0.2467429 0.0408035 0.0426341 0.0472270 0.0460050 0.0553774 0.0316386 0.0208044 0.0276346 0.0540174 0.0657547 0.0621900 0.0352757 0.0701711 0.0372052 0.0790040 0.0425037 0.0502799 0.0826949 0.0614978 0.0316200 0.0571943 0.0592501 0.0657270 0.0668606 0.0459947 0.0610549 0.0567744 0.0743481 0.0240459 0.0308109 0.0550028 0.0243268 0.0508680 0.0000000 0.0211153 
Cyprichromis_pavo_AB458119.1_489.00000            0.4930870 0.4101010 0.2794783 0.4578799 0.4321197 0.4411165 0.1606176 0.2952535 0.2518811 0.3313896 0.2373388 0.3137840 0.5074204 0.3072801 0.2384360 0.0374465 0.0455862 0.0433022 0.0491182 0.0461068 0.0347118 0.0169421 0.0236343 0.0454877 0.0606032 0.0649362 0.0343493 0.0582448 0.0271146 0.0683751 0.0382705 0.0455851 0.0730572 0.0527270 0.0274551 0.0496094 0.0503283 0.0523935 0.0617467 0.0417075 0.0537755 0.0431335 0.0559617 0.0206288 0.0336354 0.0468002 0.0121122 0.0405541 0.0211153 0.0000000 
