173
Acipenser_transmontanus_KC250344.1_540.00000                                                                               0.0000000 0.1248951 0.1099003 0.1491597 0.1378943 0.1257059 0.3276609 0.2494153 0.4537692 0.4621022 0.4327763 0.1374276 0.3228410 0.4433481 0.4155470 0.4155470 0.3221327 0.3221327 0.2925988 0.3151489 0.3151489 0.3353584 0.2727403 0.3653982 0.4951199 0.3844790 0.2580780 0.2168437 0.4030680 0.3590937 0.3124933 0.3124933 0.4563663 0.3283350 0.7112748 0.3485564 0.2727403 0.4610657 0.3897898 0.4715294 0.4085233 0.4327763 0.4327763 0.3782360 0.3782360 0.3836385 0.4537692 0.1455231 0.1455231 0.1452327 0.1237361 0.1647648 0.1647648 0.1647648 0.1647648 0.1647648 0.1830731 0.1880490 0.1993608 0.1830731 0.1867614 0.1647648 0.1647648 0.1880490 0.1880490 0.2257956 0.2270178 0.1040058 0.0896661 0.3333787 0.0877451 0.2089529 0.0877451 0.3333787 0.3537327 0.4100950 0.0877451 0.3537327 0.1232422 0.1232422 0.4177065 0.4177065 0.4177065 0.3839471 0.1029229 0.1040058 0.4100950 0.0896661 0.3970527 0.3678466 0.5103098 0.3970527 0.3678466 0.5103098 0.0896661 0.0896661 0.0896661 0.6865338 0.2184176 0.3970527 0.3678466 0.5103098 0.3870705 0.4348890 0.2184176 0.2508594 0.1680557 0.1594652 0.3970527 0.5326588 0.3678466 0.7236087 0.3870705 0.5103098 0.2063309 0.2216769 0.3321304 0.0877451 0.1040058 0.1040058 0.0896661 0.2089529 0.3537327 0.3333787 0.3537327 0.4100950 0.3300148 0.3667231 0.1802316 0.1864666 0.2014700 0.1836035 0.3547466 0.2727403 0.3547466 0.2836151 0.2783829 0.2836151 0.2697358 0.2869782 0.2925988 0.3028145 0.3094572 0.2697358 0.3206883 0.2697358 0.2618848 0.2727403 0.2836151 0.2955691 0.3028145 0.2697358 0.3551488 0.2900985 0.3228242 0.2862016 0.2695869 0.2697358 0.3653868 0.2697358 0.3228242 0.2955691 0.2836151 0.3028145 0.3028145 0.2836151 0.2869782 0.2784549 0.2695869 0.2941910 0.3228898 0.2733174 0.2733174 
Amia_calva_AF137208.1_527.00000                                                                                            0.1248951 0.0000000 0.1967740 0.2197998 0.1855170 0.2053945 0.2767011 0.3081155 0.3491061 0.3897830 0.4034754 0.2267593 0.3286452 0.4192321 0.4239459 0.4127496 0.2712840 0.2712840 0.3263385 0.3163504 0.3163504 0.3399184 0.3262032 0.3589142 0.4243097 0.3854317 0.2978237 0.3531236 0.3875544 0.3366944 0.3324936 0.3225067 0.4788481 0.3598508 0.4708317 0.3569701 0.3262032 0.3795736 0.4105906 0.4204110 0.3926408 0.3918810 0.4034754 0.3903588 0.3992825 0.3631666 0.3491061 0.2459044 0.2395586 0.2459068 0.2364366 0.2751097 0.2751097 0.2855327 0.2818854 0.2916840 0.2826696 0.2856549 0.2907532 0.2826696 0.2852599 0.2834394 0.2869477 0.2964854 0.3027884 0.3015598 0.3017528 0.1618006 0.1711380 0.3335289 0.1825520 0.1647974 0.1876817 0.3406705 0.3297070 0.3168087 0.1886154 0.3681241 0.1700633 0.1647634 0.3411520 0.3276222 0.3339954 0.3263021 0.1881130 0.1578635 0.2960235 0.1770844 0.3851963 0.4908503 0.4266581 0.3786633 0.4837765 0.4199364 0.1713556 0.1722017 0.1773145 0.5196021 0.2395642 0.3863049 0.4922495 0.4278856 0.3146585 0.3370045 0.2452526 0.2896481 0.2806917 0.2689829 0.3928556 0.5092119 0.4993384 0.5298674 0.3073768 0.4346265 0.2775435 0.1819547 0.3601943 0.1770499 0.1630429 0.1569294 0.1660979 0.1595763 0.3181596 0.3273414 0.3161444 0.3030993 0.3678602 0.4352084 0.2809609 0.2848161 0.2903374 0.2828606 0.3396250 0.3247316 0.3396250 0.3112064 0.3044389 0.3262174 0.3382301 0.3386102 0.3263385 0.3176371 0.3192051 0.3267994 0.3443057 0.3278034 0.3039014 0.3262032 0.3178648 0.3045935 0.3154103 0.3262167 0.3157557 0.3436636 0.3058305 0.3218627 0.3543545 0.3498800 0.3331056 0.3318700 0.2996594 0.3110891 0.3041688 0.3082054 0.3103551 0.3250905 0.3386102 0.3108695 0.3298509 0.3567726 0.3407743 0.3335312 0.3425044 
Gymnothorax_favagineus_HQ444181.1_488.00000                                                                                0.1099003 0.1967740 0.0000000 0.0239995 0.0197856 0.0131631 0.1882680 0.1954345 0.2828237 0.2905453 0.2588109 0.3233474 0.1976212 0.3095277 0.3157582 0.2698493 0.2199546 0.2199546 0.2384245 0.2271620 0.2271620 0.2729918 0.2385978 0.2830009 0.3271262 0.2793993 0.1864465 0.4119608 0.2940637 0.2299287 0.2260550 0.2186279 0.3688589 0.2908974 0.4388631 0.2647809 0.2385978 0.2991495 0.2828131 0.2889598 0.2538074 0.2573465 0.2588109 0.3274395 0.3249977 0.2893563 0.2828237 0.2518101 0.2455898 0.2518209 0.2424566 0.2492552 0.2492552 0.2584159 0.2554002 0.2640197 0.2560467 0.2584787 0.2629110 0.2560467 0.2580907 0.2566307 0.2597193 0.2679692 0.2737003 0.2722748 0.2725475 0.0837188 0.0711692 0.2166016 0.1819925 0.1256323 0.1767696 0.2226488 0.2360950 0.2313242 0.1881697 0.2584899 0.1191798 0.1240531 0.2202064 0.2321280 0.2264490 0.2193297 0.1771782 0.1180995 0.2369808 0.0631218 0.2936839 0.3508506 0.3047366 0.2992537 0.3568625 0.3105733 0.0665740 0.0626382 0.0587013 0.3758878 0.1038152 0.3056047 0.3638690 0.3172628 0.2808783 0.2525239 0.0996094 0.2531158 0.3240555 0.2421642 0.3000164 0.4422460 0.3578424 0.3845125 0.2874090 0.3114043 0.3222401 0.1707166 0.2246870 0.1688215 0.1089424 0.0846780 0.0725340 0.1160066 0.2031079 0.2173692 0.2247118 0.2329582 0.2841553 0.3243984 0.2546304 0.2577845 0.2628362 0.2562287 0.2323638 0.2416331 0.2547719 0.2555687 0.2484724 0.2368707 0.2519337 0.2713588 0.2384245 0.2368448 0.2481071 0.2400471 0.2897897 0.2267144 0.2548446 0.2554697 0.2469537 0.2406187 0.2420498 0.2398741 0.2581553 0.2763477 0.2441164 0.2595111 0.2279680 0.2254009 0.2683254 0.2577487 0.2499747 0.2348645 0.2492757 0.2356617 0.2304418 0.2533024 0.2478401 0.2450798 0.2633505 0.2478547 0.2111633 0.2257941 0.2389893 
Gymnothorax_reticularis_HQ444182.1_486.00000                                                                               0.1491597 0.2197998 0.0239995 0.0000000 0.0304256 0.0236210 0.1661867 0.2042283 0.2857315 0.3048922 0.2663478 0.3385056 0.1847539 0.3069629 0.2976238 0.2557213 0.2077514 0.2077514 0.2260843 0.2124106 0.2124106 0.2635424 0.2272417 0.2813289 0.3246002 0.2693047 0.1814879 0.4287169 0.2748917 0.2375954 0.2336862 0.2260798 0.3583361 0.2858166 0.4191736 0.2591976 0.2272417 0.3134623 0.2855989 0.2895779 0.2632290 0.2650111 0.2663478 0.3356673 0.3332241 0.2983043 0.2857315 0.2751892 0.2686690 0.2752365 0.2651081 0.2726336 0.2726336 0.2825605 0.2791092 0.2884368 0.2798514 0.2826710 0.2875167 0.2798514 0.2822903 0.2805736 0.2839146 0.2929675 0.2989814 0.2977680 0.2979665 0.0976844 0.0845823 0.2158579 0.2003294 0.1420795 0.1948948 0.2218189 0.2350471 0.2303588 0.2068076 0.2571048 0.1299099 0.1349594 0.2193931 0.2311422 0.2255444 0.2185355 0.1953674 0.1286948 0.2359349 0.0760969 0.2860274 0.3447643 0.2962819 0.2914791 0.3507034 0.3021203 0.0796878 0.0754818 0.0713894 0.3734372 0.1061822 0.2976755 0.3576084 0.3087867 0.2914588 0.2512146 0.1018834 0.2856134 0.3355570 0.2704125 0.2922051 0.4296734 0.3516559 0.3820797 0.2979646 0.3029279 0.3416307 0.1768620 0.2057479 0.1858503 0.1188582 0.0981841 0.0855253 0.1314121 0.2025683 0.2166453 0.2238661 0.2319838 0.2740352 0.3122623 0.2782331 0.2818780 0.2871553 0.2800350 0.2209234 0.2292935 0.2417852 0.2510630 0.2316998 0.2324894 0.2473447 0.2665574 0.2260843 0.2244827 0.2357751 0.2396506 0.2789756 0.2156354 0.2502632 0.2427228 0.2346651 0.2241547 0.2296491 0.2275722 0.2451179 0.2631473 0.2335787 0.2467241 0.2168483 0.2144354 0.2501164 0.2531038 0.2393097 0.2186156 0.2448431 0.2234373 0.2182601 0.2408371 0.2436523 0.2409221 0.2503515 0.2436419 0.2002672 0.2217920 0.2348449 
Rhinomuraena_quaesita_HQ444180.1_498.00000                                                                                 0.1378943 0.1855170 0.0197856 0.0304256 0.0000000 0.0196483 0.1792865 0.1981533 0.2785242 0.2929198 0.2537706 0.3222394 0.1958873 0.2915962 0.2842777 0.2444065 0.1957438 0.1957438 0.2375761 0.2266545 0.2266545 0.2637481 0.2378130 0.2777016 0.3068078 0.2597051 0.1979849 0.4188104 0.2807084 0.2203771 0.2166150 0.2095316 0.3550785 0.2769680 0.4083684 0.2638200 0.2378130 0.3014089 0.2812608 0.2913448 0.2565500 0.2601027 0.2537706 0.3334425 0.3310271 0.2848972 0.2785242 0.2594582 0.2532129 0.2594801 0.2558999 0.2627433 0.2627433 0.2722128 0.2689933 0.2778994 0.2696848 0.2723000 0.2769089 0.2696848 0.2719205 0.2703372 0.2735294 0.2821212 0.2879426 0.2866497 0.2868808 0.1029652 0.0828328 0.2234792 0.1946679 0.1420177 0.1999381 0.2294331 0.2428276 0.2300848 0.2009301 0.2564873 0.1306389 0.1355680 0.2271854 0.2277767 0.2333280 0.2153159 0.2004124 0.1294457 0.2245744 0.0745394 0.2936065 0.3554158 0.3029827 0.2881096 0.3494927 0.2971936 0.0780559 0.0659798 0.0699430 0.3810359 0.0997404 0.2943413 0.3563577 0.3037804 0.2595885 0.2476048 0.1039367 0.2781058 0.3307317 0.2555154 0.2998581 0.4258386 0.3622977 0.3895832 0.2659897 0.3095925 0.3132525 0.1763524 0.2176214 0.1808675 0.1198055 0.0950985 0.0758448 0.1316785 0.1996425 0.2136199 0.2206901 0.2208006 0.2816409 0.3227755 0.2681737 0.2715605 0.2766751 0.2698657 0.2209985 0.2407078 0.2415760 0.2544041 0.2473749 0.2471601 0.2703869 0.2781243 0.2375761 0.2360334 0.2363343 0.2504496 0.2876279 0.2262179 0.2536641 0.2541909 0.2379651 0.2288084 0.2411100 0.2502409 0.2448659 0.2740382 0.2447936 0.2581392 0.2377772 0.2351720 0.2544767 0.2646325 0.2391357 0.2344844 0.2481607 0.2348882 0.2298005 0.2441574 0.2542854 0.2515449 0.2618726 0.2539606 0.2108106 0.2429964 0.2562070 
Strophidon_sathete_HQ444183.1_487.00000                                                                                    0.1257059 0.2053945 0.0131631 0.0236210 0.0196483 0.0000000 0.1863376 0.1932888 0.2905434 0.2941402 0.2549771 0.3381217 0.1953794 0.2932154 0.2904261 0.2492649 0.2121668 0.2121668 0.2328384 0.2222856 0.2222856 0.2693169 0.2334542 0.2847835 0.3233929 0.2703849 0.1879576 0.4195198 0.2903521 0.2248099 0.2210130 0.2138026 0.3572317 0.2845478 0.4200739 0.2589070 0.2334542 0.3026170 0.2786583 0.2925624 0.2577969 0.2613665 0.2549771 0.3305880 0.3281786 0.2971442 0.2905434 0.2669649 0.2605767 0.2605316 0.2571822 0.2613490 0.2613490 0.2708391 0.2676232 0.2765459 0.2683138 0.2709241 0.2755390 0.2683138 0.2705417 0.2689626 0.2721613 0.2807607 0.2865990 0.2852880 0.2855243 0.0842835 0.0642427 0.2190781 0.1927899 0.1265316 0.1874700 0.2250682 0.2384400 0.2336876 0.1991103 0.2606134 0.1242814 0.1292179 0.2227053 0.2345042 0.2288867 0.2218176 0.1879135 0.1231424 0.2392839 0.0562246 0.2900719 0.3426388 0.3013575 0.2955686 0.3485324 0.3071305 0.0596820 0.0557957 0.0518441 0.3768558 0.1012790 0.3018260 0.3553818 0.3137377 0.2748030 0.2547319 0.0970121 0.2654128 0.3378865 0.2540913 0.2963115 0.4341090 0.3494723 0.3853944 0.2812755 0.3079430 0.3224228 0.1642428 0.2219812 0.1789227 0.1136989 0.0852295 0.0658548 0.1168016 0.2056456 0.2197379 0.2270733 0.2352705 0.2775538 0.3168988 0.2668042 0.2701854 0.2753196 0.2684959 0.2272634 0.2360031 0.2486657 0.2576713 0.2426780 0.2391985 0.2541309 0.2733535 0.2328384 0.2312702 0.2423928 0.2344328 0.2852483 0.2218481 0.2569931 0.2494669 0.2412743 0.2268847 0.2363863 0.2342846 0.2519795 0.2698630 0.2383441 0.2534365 0.2230672 0.2206014 0.2618132 0.2598822 0.2440636 0.2212383 0.2514386 0.2301659 0.2250381 0.2474581 0.2499040 0.2471683 0.2571262 0.2499307 0.2066627 0.2280821 0.2411597 
Atherina_boyeri_JF309697.1_511.00000                                                                                       0.3276609 0.2767011 0.1882680 0.1661867 0.1792865 0.1863376 0.0000000 0.0781157 0.1459190 0.1661011 0.1693570 0.3266556 0.1872965 0.2282923 0.2522374 0.2522374 0.2502729 0.2502729 0.1119338 0.1139824 0.1139824 0.1655474 0.1276974 0.1552272 0.2191271 0.1754477 0.1149701 0.4723175 0.1559876 0.2163848 0.2030514 0.2030514 0.2582405 0.2013746 0.2515479 0.1422226 0.1276974 0.1591861 0.1873730 0.1520290 0.1503421 0.1475590 0.1693570 0.2015549 0.2060284 0.1435821 0.1459190 0.3469560 0.3383349 0.3383756 0.3413581 0.2916523 0.2916523 0.3042251 0.2996573 0.3114802 0.3006398 0.3044222 0.3106127 0.3006398 0.3039834 0.3016563 0.3058730 0.3175518 0.3250074 0.3238492 0.3239643 0.1848747 0.1820610 0.1046960 0.2214330 0.2149423 0.2280052 0.1100878 0.1340318 0.1957990 0.2293321 0.1547418 0.1763226 0.1829879 0.1279461 0.1282831 0.1337346 0.1170621 0.2286869 0.1741619 0.1899124 0.1688422 0.1707153 0.2924934 0.2570359 0.1650833 0.2859655 0.2505804 0.1736269 0.1549106 0.1607650 0.2895620 0.1896777 0.1711382 0.2933633 0.2577918 0.2311381 0.1365487 0.1957841 0.3050467 0.3609568 0.3402125 0.1768065 0.3111955 0.2999204 0.2980383 0.2379240 0.2642811 0.3782544 0.2605417 0.2118884 0.2142571 0.1676772 0.1786318 0.1759545 0.2080628 0.1112618 0.0995703 0.1229153 0.1834939 0.1979786 0.2635170 0.2985097 0.2799800 0.3098590 0.3008558 0.1124802 0.1324265 0.1124802 0.1428867 0.1199951 0.1368090 0.1438951 0.1534306 0.1119338 0.1123497 0.1291076 0.1435249 0.1610695 0.1217455 0.1459335 0.1276974 0.1267141 0.1324530 0.1116839 0.1322874 0.1024029 0.1380205 0.1270212 0.1321878 0.1630883 0.1470980 0.0966157 0.1383115 0.1217298 0.1379781 0.1370373 0.1060113 0.1066412 0.1325070 0.1534306 0.1534830 0.1482452 0.1337343 0.1285385 0.1513727 0.1433405 
Belone_belone_AY141268.1_509.00000                                                                                         0.2494153 0.3081155 0.1954345 0.2042283 0.1981533 0.1932888 0.0781157 0.0000000 0.1735677 0.1713000 0.1482251 0.3453725 0.2295448 0.2390408 0.2712823 0.2712823 0.2826203 0.2826203 0.1265735 0.1383265 0.1383265 0.1738127 0.1379657 0.1570296 0.2130902 0.1667089 0.1016717 0.4791776 0.1405624 0.2486485 0.2336684 0.2336684 0.2173403 0.1834782 0.2057913 0.1132967 0.1379657 0.1637967 0.1856786 0.1531912 0.1402431 0.1301066 0.1482251 0.1894597 0.1943294 0.1714648 0.1735677 0.3689109 0.3596020 0.3596747 0.3627247 0.2947277 0.2947277 0.3083604 0.3033700 0.3161875 0.3044431 0.3085870 0.3153092 0.3044431 0.3081200 0.3055656 0.3101327 0.3228441 0.3308880 0.3297208 0.3298102 0.2099273 0.2161640 0.1242621 0.2411014 0.2186152 0.2482304 0.1301343 0.1492080 0.2187058 0.2497364 0.1733069 0.1913116 0.1986184 0.1441330 0.1445409 0.1504046 0.1323082 0.2490405 0.1887393 0.2122719 0.2014350 0.1667563 0.2896407 0.2662387 0.1607433 0.2826916 0.2592935 0.2063984 0.1856533 0.1920686 0.2970383 0.2172914 0.1671961 0.2905583 0.2670819 0.2496425 0.1459595 0.2237899 0.3088296 0.3953467 0.3575463 0.1732502 0.3388105 0.2975428 0.3063480 0.2571796 0.2740647 0.4265026 0.2403817 0.2444462 0.2332434 0.1816349 0.2030502 0.2094980 0.2112280 0.1259919 0.1187275 0.1373199 0.2052004 0.2158661 0.2624625 0.3021196 0.3074286 0.3144313 0.3046738 0.1192681 0.1370353 0.1192681 0.1513988 0.1302778 0.1459133 0.1408828 0.1401529 0.1265735 0.1306465 0.1396692 0.1473425 0.1689473 0.1416534 0.1367913 0.1379657 0.1402894 0.1467304 0.1306465 0.1410459 0.1198850 0.1351690 0.1299123 0.1428400 0.1453174 0.1531360 0.1247603 0.1348811 0.1240828 0.1529232 0.1450539 0.1243368 0.1243368 0.1466445 0.1401529 0.1400025 0.1356796 0.1350971 0.1309010 0.1423017 0.1448671 
Myripristis_berndti_U57538.1_495.00000                                                                                     0.4537692 0.3491061 0.2828237 0.2857315 0.2785242 0.2905434 0.1459190 0.1735677 0.0000000 0.0836274 0.1050525 0.4594952 0.2483037 0.3582421 0.3728715 0.3188388 0.3183633 0.3183633 0.1956849 0.1899174 0.1899174 0.2355232 0.2032347 0.2100028 0.2738815 0.2271830 0.1571182 0.5618726 0.2120183 0.3238931 0.3156961 0.3126212 0.2917178 0.2342870 0.3335301 0.2426574 0.2032347 0.0945724 0.1429949 0.1060687 0.1002753 0.1043021 0.1050525 0.1441635 0.1394341 0.0342873 0.0000010 0.4620602 0.4548383 0.4694176 0.4568914 0.4316479 0.4316479 0.4443421 0.4386947 0.4506269 0.4218354 0.4201332 0.4510932 0.4399167 0.4448723 0.4416411 0.4455034 0.4324891 0.4386677 0.4650600 0.4642949 0.2909118 0.2808654 0.2049454 0.3823575 0.3015907 0.3884065 0.2101189 0.1903875 0.2463908 0.3855670 0.2359312 0.2610942 0.2670806 0.1832989 0.1837075 0.1883636 0.1841312 0.3718028 0.2756199 0.2413654 0.2682637 0.2116494 0.3264831 0.3148853 0.2072571 0.3211785 0.3096708 0.2718384 0.2541361 0.2594991 0.3339941 0.2642819 0.2120674 0.3272660 0.3156300 0.2646123 0.1935294 0.2692772 0.4480621 0.4916727 0.4422353 0.2164791 0.3690852 0.3325841 0.3258912 0.2699950 0.3208616 0.5255401 0.3361719 0.2157390 0.3566319 0.2605078 0.2747204 0.2657610 0.2866538 0.1876542 0.1970593 0.1745540 0.2492834 0.2595690 0.2898571 0.4374137 0.4197210 0.4132677 0.4242355 0.1995313 0.1997675 0.2017704 0.2103685 0.1810500 0.2079430 0.2091167 0.2101585 0.1956849 0.1694283 0.2070155 0.1997366 0.2394959 0.1986038 0.1889986 0.2059705 0.1936546 0.2174828 0.1843327 0.2028312 0.1897347 0.2085051 0.1926346 0.2022492 0.2255437 0.2181722 0.2024839 0.2041851 0.1877065 0.2227401 0.2050071 0.1790250 0.1642280 0.1989455 0.2068784 0.2172270 0.2184199 0.2117471 0.2117019 0.2211763 0.2129879 
Neoniphon_sammara_U57536.1_502.00000                                                                                       0.4621022 0.3897830 0.2905453 0.3048922 0.2929198 0.2941402 0.1661011 0.1713000 0.0836274 0.0000000 0.0666122 0.4076036 0.2750650 0.3597195 0.3741939 0.3228970 0.3361330 0.3361330 0.1792188 0.1814994 0.1814994 0.2105520 0.1895814 0.1888317 0.2643124 0.2177467 0.1625809 0.5776661 0.1766568 0.3081867 0.3000720 0.2971978 0.2803947 0.2243606 0.2932319 0.2101324 0.1895814 0.0119313 0.0963893 0.0505294 0.0678317 0.0626827 0.0666122 0.0876270 0.0834745 0.0894951 0.0836274 0.4855638 0.4783387 0.4859987 0.4803241 0.4217862 0.4217862 0.4340668 0.4286660 0.4401985 0.4122598 0.4106451 0.4405753 0.4298354 0.4345206 0.4314541 0.4352246 0.4226029 0.4286333 0.4540130 0.4533454 0.3113954 0.3009881 0.1704093 0.3764746 0.3145019 0.3824146 0.1752694 0.1857756 0.2454097 0.3790008 0.2244045 0.2761090 0.2702387 0.1829960 0.1735260 0.1780957 0.1838193 0.3661702 0.2787666 0.2295430 0.2882985 0.1801855 0.3051978 0.3314226 0.1759882 0.3001176 0.3262159 0.2916809 0.2738843 0.2792461 0.3467972 0.2906025 0.1805200 0.3059023 0.3322017 0.2523854 0.1888112 0.2956464 0.4439926 0.4833944 0.4504816 0.1847393 0.3880080 0.3109988 0.3386299 0.2471904 0.3374236 0.4957785 0.3588744 0.2218918 0.3552542 0.2772444 0.2965837 0.2871667 0.2986309 0.1890107 0.1666818 0.1719501 0.2506714 0.2620684 0.2697037 0.4164171 0.4102465 0.4039458 0.4299374 0.1845658 0.1983452 0.1890095 0.2141014 0.1901884 0.2067341 0.1975806 0.2055182 0.1792188 0.1739125 0.2145563 0.2026359 0.2151263 0.1885632 0.1772209 0.1946976 0.2011324 0.1987923 0.1837046 0.1975230 0.1750586 0.2057929 0.2038494 0.1983143 0.2156103 0.2049897 0.1873300 0.1927360 0.1988643 0.2037504 0.2087357 0.1785157 0.1688001 0.2064227 0.1990717 0.2155366 0.2108612 0.1911149 0.1917285 0.2064377 0.1801152 
Sargocentron_xantherythrum_U57546.1_490.00000                                                                              0.4327763 0.4034754 0.2588109 0.2663478 0.2537706 0.2549771 0.1693570 0.1482251 0.1050525 0.0666122 0.0000000 0.4395177 0.2580510 0.3343151 0.3370789 0.2970417 0.3102939 0.3102939 0.1692588 0.1695286 0.1695286 0.2073570 0.1778097 0.1792032 0.2540670 0.2035441 0.1582435 0.5840289 0.1485011 0.3147916 0.3067151 0.3037836 0.2350544 0.2054708 0.2720986 0.1905599 0.1778097 0.0633893 0.0931146 0.0570015 0.0392544 0.0268359 0.0000010 0.1162897 0.1154678 0.1156039 0.1050525 0.4856747 0.4784452 0.4861099 0.4804314 0.4449291 0.4449291 0.4576695 0.4519190 0.4639102 0.4351230 0.4333674 0.4644719 0.4531626 0.4582815 0.4549603 0.4587890 0.4457688 0.4519015 0.4785722 0.4777122 0.2803838 0.2688033 0.1537292 0.3873547 0.2754204 0.3932757 0.1584149 0.1973968 0.2366112 0.3899057 0.2062222 0.2731969 0.2790840 0.1568254 0.1571625 0.1616213 0.1575010 0.3769709 0.2876013 0.2318101 0.2567098 0.1684437 0.2941889 0.3151263 0.1643132 0.2892188 0.3100717 0.2602600 0.2432378 0.2484131 0.3256903 0.2702022 0.1687490 0.2948544 0.3158489 0.2619111 0.2006046 0.2750187 0.4742507 0.5179766 0.4503178 0.1729018 0.3917070 0.2998423 0.3177135 0.2672662 0.3209216 0.5101239 0.3418571 0.2419220 0.3654239 0.2744693 0.2681775 0.2575638 0.2628235 0.1639541 0.1511246 0.1828810 0.2419872 0.2699377 0.2747568 0.4506331 0.4569025 0.4265513 0.4532489 0.1730336 0.1730638 0.1734348 0.1915038 0.1790510 0.1909651 0.1820621 0.1898121 0.1692588 0.1549462 0.1918028 0.1940791 0.2086168 0.1855332 0.1674211 0.1788125 0.1792826 0.1783122 0.1682640 0.1820370 0.1695028 0.2053612 0.1898903 0.1823779 0.1988219 0.1969747 0.1835226 0.1773649 0.1850951 0.1831024 0.1864184 0.1632905 0.1501180 0.1842936 0.1875713 0.1947565 0.1848014 0.1906615 0.1774196 0.1972493 0.1870422 
Neoceratodus_forsteri_EF526295.1_540.00000                                                                                 0.1374276 0.2267593 0.3233474 0.3385056 0.3222394 0.3381217 0.3266556 0.3453725 0.4594952 0.4076036 0.4395177 0.0000000 0.3960772 0.5175558 0.5448535 0.5154956 0.3815019 0.3815019 0.3592537 0.3687668 0.3687668 0.4072864 0.3707701 0.4137313 0.4628883 0.3829481 0.3470509 0.3241693 0.4534492 0.4164526 0.4131718 0.4038728 0.4878835 0.4249043 0.5343701 0.4170309 0.3707701 0.4013884 0.4646477 0.4449143 0.4266125 0.4182806 0.4395177 0.4505362 0.4584478 0.4468708 0.4594952 0.2346065 0.2296285 0.2345959 0.2311653 0.2234984 0.2234984 0.2307150 0.2285056 0.2352946 0.2268426 0.2157925 0.2341558 0.2289778 0.2303991 0.2293656 0.2317820 0.2227874 0.2272777 0.2413948 0.2416816 0.1975724 0.2210884 0.3611187 0.1094589 0.2404838 0.1133613 0.3678886 0.3662821 0.4384372 0.1138945 0.4043344 0.1676676 0.1629647 0.3569441 0.3447988 0.3505127 0.3609466 0.1124619 0.1698870 0.4178614 0.2272176 0.4263160 0.5560522 0.5658128 0.4207524 0.5500357 0.5595959 0.2213856 0.2225369 0.2275292 0.5761108 0.3179114 0.4273309 0.5572997 0.5671078 0.4769522 0.3737187 0.3230044 0.2588895 0.1861692 0.2381302 0.4329059 0.5535712 0.5633251 0.5784677 0.4700314 0.5733345 0.2377780 0.3062102 0.3387669 0.1274000 0.1964959 0.2145100 0.2373654 0.2579341 0.3726787 0.3699661 0.3755153 0.4547797 0.4273278 0.4814364 0.2279396 0.2302214 0.2204813 0.2291306 0.3903342 0.3727667 0.3819370 0.3716917 0.3504518 0.3953077 0.3761747 0.3859146 0.3592537 0.3575388 0.3726778 0.3790193 0.3981666 0.3828813 0.3635807 0.3606797 0.3791859 0.3640205 0.3574891 0.3711631 0.3847283 0.3731115 0.3830590 0.3647535 0.4129336 0.3976614 0.3832202 0.3699121 0.3767235 0.3703037 0.3645428 0.3502679 0.3502992 0.3864956 0.3936158 0.3718956 0.3768362 0.4031183 0.3984504 0.4061482 0.3772282 
Sardinops_melanostictus_LC007931.1_502.00000                                                                               0.3228410 0.3286452 0.1976212 0.1847539 0.1958873 0.1953794 0.1872965 0.2295448 0.2483037 0.2750650 0.2580510 0.3960772 0.0000000 0.1168256 0.1468824 0.1173494 0.2112472 0.2112472 0.2571624 0.2192987 0.2192987 0.2727996 0.2348496 0.2328200 0.3082782 0.2603868 0.2135806 0.5288599 0.2630488 0.2504895 0.2423621 0.2400989 0.3521415 0.2805050 0.3718723 0.2413339 0.2348496 0.2753461 0.2968472 0.2570360 0.2410103 0.2340120 0.2580510 0.3166666 0.3233204 0.2636703 0.2483037 0.3671108 0.3604199 0.3604730 0.3626656 0.3723543 0.3723543 0.3835557 0.3789304 0.3894250 0.3799324 0.3839635 0.3893984 0.3799324 0.3837120 0.3811864 0.3847701 0.3955548 0.4015570 0.4013938 0.4010872 0.2145601 0.2180936 0.2251209 0.2933001 0.2472024 0.2988361 0.2303345 0.2264474 0.2353278 0.2912806 0.2549139 0.2087831 0.2141665 0.2248456 0.2253514 0.2301415 0.2145987 0.2996028 0.2066965 0.2306290 0.2074754 0.2671343 0.2954868 0.2927550 0.2624481 0.2904689 0.2877219 0.2110211 0.1959718 0.2006201 0.3953795 0.2402128 0.2677043 0.2961612 0.2934258 0.2474251 0.2226575 0.2448188 0.3792980 0.4200554 0.3643904 0.2724062 0.3838291 0.3011925 0.4030877 0.2526253 0.2984766 0.4288045 0.2632042 0.1358527 0.2622845 0.1855298 0.1931853 0.1966037 0.2223837 0.1928820 0.2077012 0.2041203 0.2373754 0.2313798 0.2743359 0.3778201 0.3828312 0.3880426 0.3800638 0.2251482 0.2835326 0.2617415 0.2808534 0.2690046 0.3024491 0.2920976 0.2909480 0.2571624 0.2467383 0.2982120 0.2897782 0.3105115 0.2249797 0.2723737 0.2681667 0.2821517 0.2683172 0.2529252 0.2821061 0.2444898 0.2837168 0.2489869 0.2689739 0.2752828 0.2660428 0.2582961 0.2867220 0.2438061 0.2736937 0.2748777 0.2470209 0.2408624 0.2881794 0.2492495 0.2462490 0.2832943 0.2531527 0.2353472 0.2564868 0.2493673 
Engraulis_mordax_KT201125.1_498.00000                                                                                      0.4433481 0.4192321 0.3095277 0.3069629 0.2915962 0.2932154 0.2282923 0.2390408 0.3582421 0.3597195 0.3343151 0.5175558 0.1168256 0.0000000 0.0427917 0.0427917 0.3284473 0.3284473 0.2925863 0.2901162 0.2901162 0.3640499 0.3060805 0.2921158 0.3224661 0.2504331 0.2539868 0.5587930 0.3490460 0.1869122 0.1893456 0.1872720 0.3323512 0.2772604 0.3257878 0.3082858 0.3060805 0.3415358 0.3417276 0.3360219 0.2965480 0.3021870 0.3343151 0.3386195 0.3506395 0.3652881 0.3582421 0.4684179 0.4586259 0.4588153 0.4613903 0.4520388 0.4520388 0.4689572 0.4612288 0.4772099 0.4628944 0.4700540 0.4780821 0.4628944 0.4698661 0.4653514 0.4703973 0.4877515 0.4962707 0.4972128 0.4958772 0.3220919 0.3359698 0.2528674 0.3960930 0.3631086 0.4037422 0.2596893 0.2744924 0.3058099 0.4018413 0.3037814 0.3280136 0.3362480 0.2705176 0.2712963 0.2776298 0.2565833 0.4051905 0.3227711 0.2995209 0.3196738 0.3153566 0.3588210 0.3462848 0.3088342 0.3520376 0.3395552 0.3235499 0.3009253 0.3076762 0.3304269 0.3470180 0.3162897 0.3599086 0.3473324 0.3176370 0.2698915 0.3538500 0.4504344 0.5135550 0.4791263 0.3228336 0.4384493 0.3667125 0.3394569 0.3248580 0.3540910 0.4819371 0.4097212 0.2346228 0.3871451 0.3147585 0.3150395 0.3290052 0.3549149 0.2489662 0.2467785 0.2612334 0.2924583 0.3153679 0.3280836 0.4595254 0.4679469 0.4752288 0.4629983 0.2867912 0.3176047 0.2867912 0.3274839 0.3150321 0.3435299 0.3323567 0.3342960 0.2925863 0.2829688 0.3369638 0.3235208 0.3594672 0.3015195 0.3180930 0.3060805 0.3228829 0.3150504 0.2819636 0.3229401 0.2735219 0.3165365 0.2742310 0.3015742 0.3648273 0.3502133 0.2792937 0.3257767 0.2680890 0.3216823 0.3200746 0.2746613 0.2756035 0.3303307 0.3342960 0.3215429 0.3250194 0.3185989 0.3126696 0.3274532 0.3197389 
Engraulis_encrasicolus_KT201123.1_500.00000                                                                                0.4155470 0.4239459 0.3157582 0.2976238 0.2842777 0.2904261 0.2522374 0.2712823 0.3728715 0.3741939 0.3370789 0.5448535 0.1468824 0.0427917 0.0000000 0.0035433 0.3433966 0.3433966 0.3139128 0.3210874 0.3210874 0.3791157 0.3351002 0.2866603 0.3210434 0.2780132 0.2599379 0.5249128 0.3275898 0.2066943 0.2090433 0.2068194 0.3257091 0.2485787 0.3136384 0.2908875 0.3351002 0.3713318 0.3492485 0.3615428 0.3472043 0.3533876 0.3370789 0.3609570 0.3579107 0.3943397 0.3728715 0.4612382 0.4719518 0.4519290 0.4544577 0.4533566 0.4533566 0.4565847 0.4434310 0.4777138 0.4638618 0.4708000 0.4785613 0.4638618 0.4706198 0.4662459 0.4711246 0.4742322 0.4961357 0.4970436 0.4957555 0.3470517 0.3512641 0.2650252 0.3910211 0.3703312 0.3984555 0.2578019 0.2632490 0.2955587 0.3878477 0.2878596 0.3420187 0.3501464 0.2703089 0.2710662 0.2772289 0.2567411 0.4184802 0.3365789 0.3039257 0.3350155 0.3366193 0.3800537 0.3442695 0.3302488 0.3732964 0.3379026 0.3386604 0.3160956 0.3228089 0.3314539 0.3557602 0.3222241 0.3646009 0.3298619 0.3330269 0.2730814 0.3625406 0.4666412 0.5404468 0.4726687 0.3285630 0.4393689 0.3713233 0.3400577 0.3401624 0.3361866 0.4523722 0.3857399 0.2474347 0.4007533 0.3286579 0.3400816 0.3443629 0.3793025 0.2493174 0.2590687 0.2645726 0.2970255 0.3109316 0.3309862 0.4605984 0.4687580 0.4757984 0.4639614 0.2896722 0.3193346 0.2896722 0.3327039 0.3229440 0.3302515 0.3337556 0.3441806 0.3139128 0.2999180 0.3501809 0.3390104 0.3747312 0.3164006 0.3125749 0.3351002 0.3292190 0.3180851 0.3050714 0.3246422 0.2889497 0.3418559 0.2849996 0.3392651 0.3698468 0.3651628 0.2956999 0.3274009 0.2789385 0.3244520 0.3406962 0.3129308 0.3078141 0.3212876 0.3441806 0.3461767 0.3442731 0.3332296 0.3099028 0.3290307 0.3343142 
Engraulis_japonicus_AB731902.1_502.00000                                                                                   0.4155470 0.4127496 0.2698493 0.2557213 0.2444065 0.2492649 0.2522374 0.2712823 0.3188388 0.3228970 0.2970417 0.5154956 0.1173494 0.0427917 0.0035433 0.0000000 0.2814572 0.2814572 0.3006157 0.2652828 0.2652828 0.3067510 0.2754837 0.2396054 0.3210434 0.2780132 0.2587591 0.5357591 0.2796939 0.1835492 0.1853700 0.1838500 0.3084305 0.2376585 0.3079028 0.2796018 0.2754837 0.3288097 0.3280901 0.3138124 0.3016639 0.2960094 0.2970417 0.3405116 0.3381230 0.3331086 0.3188388 0.4615078 0.4698195 0.4542784 0.4562360 0.4574257 0.4574257 0.4599964 0.4495604 0.4766630 0.4657384 0.4712231 0.4773209 0.4657384 0.4710821 0.4676308 0.4714756 0.4739201 0.4910603 0.4917243 0.4907592 0.2925335 0.2962776 0.2401300 0.3756273 0.3183618 0.3816905 0.2344221 0.2215885 0.2488508 0.3730981 0.2493869 0.2878405 0.2941269 0.2303592 0.2308814 0.2357242 0.2199636 0.3978542 0.2843817 0.2553073 0.2837231 0.3048622 0.3047896 0.2982624 0.3000622 0.2997772 0.2932111 0.2871192 0.2695058 0.2748185 0.3228155 0.2878971 0.2941132 0.2935681 0.2869829 0.2783569 0.2288257 0.2928743 0.4691816 0.5027322 0.4409455 0.2988922 0.3717322 0.2985567 0.3297309 0.2837644 0.2920058 0.4793253 0.3303195 0.1957446 0.3465192 0.2530733 0.2611021 0.2647322 0.2960799 0.1967844 0.2204852 0.2087236 0.2605005 0.2389624 0.2684430 0.4631516 0.4696127 0.4751559 0.4658157 0.2382864 0.3113990 0.2794480 0.3172082 0.3085268 0.3240676 0.3134239 0.3228096 0.3006157 0.2809973 0.3383501 0.3180341 0.3535034 0.2547634 0.2997008 0.3191363 0.3140841 0.3041538 0.2928919 0.3100905 0.2789527 0.3282292 0.2718121 0.3228269 0.2958794 0.2930106 0.2847437 0.3078901 0.2665135 0.3097418 0.3241695 0.2997454 0.2877910 0.3071731 0.2742222 0.2813089 0.3270793 0.2720178 0.2530611 0.2727574 0.2669382 
Carassius_auratus_L11863.1_521.00000                                                                                       0.3221327 0.2712840 0.2199546 0.2077514 0.1957438 0.2121668 0.2502729 0.2826203 0.3183633 0.3361330 0.3102939 0.3815019 0.2112472 0.3284473 0.3433966 0.2814572 0.0000000 0.0000010 0.2494185 0.2337760 0.2337760 0.2632595 0.2355417 0.2547789 0.4109713 0.3511519 0.2538945 0.5237568 0.2720914 0.3256953 0.3175658 0.3144963 0.3445532 0.2926030 0.3510139 0.3235420 0.2355417 0.3277752 0.3401129 0.3208163 0.3044414 0.2980654 0.3102939 0.3838970 0.3908943 0.2998383 0.3183633 0.4063425 0.3995004 0.4066160 0.4016321 0.3625542 0.3625542 0.3736978 0.3691590 0.3795995 0.3701419 0.3740712 0.3794927 0.3701419 0.3738049 0.3713462 0.3749373 0.3856092 0.3916460 0.3913870 0.3911370 0.2399172 0.2391091 0.2560768 0.3232061 0.2607997 0.3289445 0.2615907 0.2493406 0.3028462 0.3303656 0.2778356 0.2243963 0.2300285 0.2462268 0.2467965 0.2517910 0.2353885 0.3298241 0.2220411 0.2975330 0.2379193 0.3080200 0.4007779 0.4160416 0.3031562 0.3954069 0.4105614 0.2312872 0.2251565 0.2301522 0.4240735 0.2586974 0.3087002 0.4017164 0.4170252 0.2748080 0.2536705 0.2634689 0.4083234 0.4417840 0.3938002 0.3135768 0.3908659 0.4070982 0.4318890 0.2803960 0.4225193 0.4592299 0.2779530 0.2312060 0.2843965 0.1962407 0.2124125 0.2117662 0.2326222 0.2084255 0.2326152 0.2216544 0.2989541 0.2670259 0.3673920 0.3680612 0.3729709 0.3782155 0.3702803 0.2230735 0.2567702 0.2471013 0.2670534 0.2354875 0.2741911 0.2638655 0.2623143 0.2494185 0.2539633 0.2907240 0.2528305 0.2859833 0.2316057 0.2698734 0.2567247 0.2631833 0.2373209 0.2655231 0.2489430 0.2516708 0.2539032 0.2366013 0.2574113 0.2589197 0.2563913 0.2534284 0.2585131 0.2314638 0.2426845 0.2610892 0.2595534 0.2480431 0.2691816 0.2356600 0.2267992 0.2545397 0.2347349 0.2311084 0.2497724 0.2405998 
Carassius_auratus_L11863.1_522.00000                                                                                       0.3221327 0.2712840 0.2199546 0.2077514 0.1957438 0.2121668 0.2502729 0.2826203 0.3183633 0.3361330 0.3102939 0.3815019 0.2112472 0.3284473 0.3433966 0.2814572 0.0000010 0.0000000 0.2494185 0.2337760 0.2337760 0.2632595 0.2355417 0.2547789 0.4109713 0.3511519 0.2538945 0.5237568 0.2720914 0.3256953 0.3175658 0.3144963 0.3445532 0.2926030 0.3510139 0.3235420 0.2355417 0.3277752 0.3401129 0.3208163 0.3044414 0.2980654 0.3102939 0.3838970 0.3908943 0.2998383 0.3183633 0.4063425 0.3995004 0.4066160 0.4016321 0.3625542 0.3625542 0.3736978 0.3691590 0.3795995 0.3701419 0.3740712 0.3794927 0.3701419 0.3738049 0.3713462 0.3749373 0.3856092 0.3916460 0.3913870 0.3911370 0.2399172 0.2391091 0.2560768 0.3232061 0.2607997 0.3289445 0.2615907 0.2493406 0.3028462 0.3303656 0.2778356 0.2243963 0.2300285 0.2462268 0.2467965 0.2517910 0.2353885 0.3298241 0.2220411 0.2975330 0.2379193 0.3080200 0.4007779 0.4160416 0.3031562 0.3954069 0.4105614 0.2312872 0.2251565 0.2301522 0.4240735 0.2586974 0.3087002 0.4017164 0.4170252 0.2748080 0.2536705 0.2634689 0.4083234 0.4417840 0.3938002 0.3135768 0.3908659 0.4070982 0.4318890 0.2803960 0.4225193 0.4592299 0.2779530 0.2312060 0.2843965 0.1962407 0.2124125 0.2117662 0.2326222 0.2084255 0.2326152 0.2216544 0.2989541 0.2670259 0.3673920 0.3680612 0.3729709 0.3782155 0.3702803 0.2230735 0.2567702 0.2471013 0.2670534 0.2354875 0.2741911 0.2638655 0.2623143 0.2494185 0.2539633 0.2907240 0.2528305 0.2859833 0.2316057 0.2698734 0.2567247 0.2631833 0.2373209 0.2655231 0.2489430 0.2516708 0.2539032 0.2366013 0.2574113 0.2589197 0.2563913 0.2534284 0.2585131 0.2314638 0.2426845 0.2610892 0.2595534 0.2480431 0.2691816 0.2356600 0.2267992 0.2545397 0.2347349 0.2311084 0.2497724 0.2405998 
Dimidiochromis_compressiceps_AB084931.1_498.00000                                                                          0.2925988 0.3263385 0.2384245 0.2260843 0.2375761 0.2328384 0.1119338 0.1265735 0.1956849 0.1792188 0.1692588 0.3592537 0.2571624 0.2925863 0.3139128 0.3006157 0.2494185 0.2494185 0.0000000 0.0101850 0.0101850 0.0499448 0.0135114 0.1632552 0.2160781 0.1710808 0.0752495 0.4985987 0.1305907 0.2599973 0.2507104 0.2480273 0.1759894 0.1321132 0.2069648 0.1228954 0.0135114 0.1646453 0.2168088 0.1832315 0.1454338 0.1433617 0.1692588 0.1884731 0.1974617 0.1620342 0.1956849 0.4043794 0.3967233 0.3968212 0.3908288 0.3490545 0.3490545 0.3609213 0.3561771 0.3673018 0.3572033 0.3612762 0.3670757 0.3572033 0.3609696 0.3584253 0.3622856 0.3735974 0.3801351 0.3797330 0.3795332 0.2408770 0.2390106 0.0704718 0.3055523 0.2646358 0.3115750 0.0746001 0.1157304 0.1880424 0.3130190 0.1341855 0.2291010 0.2352267 0.1078238 0.1080554 0.1125045 0.0990486 0.3124467 0.2264833 0.1831553 0.2268258 0.1345239 0.2750575 0.2699338 0.1300830 0.2694372 0.2645553 0.2307006 0.2135057 0.2187820 0.2594702 0.2710121 0.1347785 0.2757620 0.2705955 0.1980382 0.1174708 0.2765870 0.3946134 0.4520810 0.4033831 0.1392501 0.2911084 0.2814052 0.2663959 0.2035085 0.2759977 0.4250916 0.3212924 0.2476788 0.2987174 0.2204917 0.2352990 0.2335758 0.2582167 0.0943776 0.0664901 0.1067660 0.1778353 0.1872871 0.2200005 0.3550189 0.3601385 0.3658150 0.3573614 0.0277042 0.0239449 0.0277042 0.0431244 0.0366644 0.0452093 0.0379993 0.0486933 0.0000010 0.0236599 0.0510161 0.0410706 0.0464240 0.0202406 0.0637800 0.0135114 0.0321854 0.0386443 0.0166802 0.0236697 0.0170169 0.0460937 0.0594285 0.0168843 0.0546121 0.0461840 0.0259317 0.0343910 0.0555569 0.0423298 0.0393769 0.0132692 0.0201643 0.0358908 0.0486933 0.0575466 0.0312681 0.0493642 0.0458556 0.0538583 0.0454064 
Melanochromis_vermivorus_GQ422472.1_505.00000                                                                              0.3151489 0.3163504 0.2271620 0.2124106 0.2266545 0.2222856 0.1139824 0.1383265 0.1899174 0.1814994 0.1695286 0.3687668 0.2192987 0.2901162 0.3210874 0.2652828 0.2337760 0.2337760 0.0101850 0.0000000 0.0000010 0.0410339 0.0149275 0.1506892 0.2226380 0.1683066 0.0736199 0.5183138 0.1317759 0.2450412 0.2370528 0.2348820 0.1902616 0.1445840 0.2228102 0.1356256 0.0149275 0.1706061 0.2116121 0.1843655 0.1530215 0.1438439 0.1695286 0.2188393 0.2271963 0.1762451 0.1899174 0.4263954 0.4195261 0.4196325 0.4139669 0.3818838 0.3818838 0.3929743 0.3883365 0.3987278 0.3893415 0.3934095 0.3987742 0.3893415 0.3931755 0.3906244 0.3941469 0.4048765 0.4107582 0.4106827 0.4103280 0.2293409 0.2278795 0.0779394 0.3038582 0.2575932 0.3095013 0.0818979 0.1211433 0.1960825 0.3108485 0.1386899 0.2185250 0.2241752 0.1137392 0.1139703 0.1181755 0.1053960 0.3103120 0.2162263 0.1914456 0.2166470 0.1269887 0.2489564 0.2951695 0.1231936 0.2442266 0.2902083 0.2203156 0.2044075 0.2093088 0.2866616 0.2527437 0.1271925 0.2494916 0.2958359 0.2067393 0.1228668 0.2574642 0.4162478 0.4333705 0.4011239 0.1310116 0.2782890 0.2542394 0.2932518 0.2116870 0.3008150 0.4522754 0.2959764 0.2217982 0.2722805 0.1951758 0.2071216 0.2062716 0.2339155 0.0961348 0.0681790 0.1107298 0.1963439 0.1818684 0.2042339 0.3872316 0.3922631 0.3973676 0.3894644 0.0338461 0.0277131 0.0353411 0.0487774 0.0340735 0.0531547 0.0457940 0.0497230 0.0101850 0.0205597 0.0566585 0.0488315 0.0438725 0.0270880 0.0694380 0.0171196 0.0379571 0.0315412 0.0135322 0.0310675 0.0243467 0.0528197 0.0650798 0.0136990 0.0564990 0.0491348 0.0246011 0.0420964 0.0612312 0.0351968 0.0450535 0.0100937 0.0170378 0.0416304 0.0463333 0.0505416 0.0351597 0.0530352 0.0499432 0.0570305 0.0495155 
Pseudotropheus_acei_GQ422475.1_505.00000                                                                                   0.3151489 0.3163504 0.2271620 0.2124106 0.2266545 0.2222856 0.1139824 0.1383265 0.1899174 0.1814994 0.1695286 0.3687668 0.2192987 0.2901162 0.3210874 0.2652828 0.2337760 0.2337760 0.0101850 0.0000010 0.0000000 0.0410339 0.0149275 0.1506892 0.2226380 0.1683066 0.0736199 0.5183138 0.1317759 0.2450412 0.2370528 0.2348820 0.1902616 0.1445840 0.2228102 0.1356256 0.0149275 0.1706061 0.2116121 0.1843655 0.1530215 0.1438439 0.1695286 0.2188393 0.2271963 0.1762451 0.1899174 0.4263954 0.4195261 0.4196325 0.4139669 0.3818838 0.3818838 0.3929743 0.3883365 0.3987278 0.3893415 0.3934095 0.3987742 0.3893415 0.3931755 0.3906244 0.3941469 0.4048765 0.4107582 0.4106827 0.4103280 0.2293409 0.2278795 0.0779394 0.3038582 0.2575932 0.3095013 0.0818979 0.1211433 0.1960825 0.3108485 0.1386899 0.2185250 0.2241752 0.1137392 0.1139703 0.1181755 0.1053960 0.3103120 0.2162263 0.1914456 0.2166470 0.1269887 0.2489564 0.2951695 0.1231936 0.2442266 0.2902083 0.2203156 0.2044075 0.2093088 0.2866616 0.2527437 0.1271925 0.2494916 0.2958359 0.2067393 0.1228668 0.2574642 0.4162478 0.4333705 0.4011239 0.1310116 0.2782890 0.2542394 0.2932518 0.2116870 0.3008150 0.4522754 0.2959764 0.2217982 0.2722805 0.1951758 0.2071216 0.2062716 0.2339155 0.0961348 0.0681790 0.1107298 0.1963439 0.1818684 0.2042339 0.3872316 0.3922631 0.3973676 0.3894644 0.0338461 0.0277131 0.0353411 0.0487774 0.0340735 0.0531547 0.0457940 0.0497230 0.0101850 0.0205597 0.0566585 0.0488315 0.0438725 0.0270880 0.0694380 0.0171196 0.0379571 0.0315412 0.0135322 0.0310675 0.0243467 0.0528197 0.0650798 0.0136990 0.0564990 0.0491348 0.0246011 0.0420964 0.0612312 0.0351968 0.0450535 0.0100937 0.0170378 0.0416304 0.0463333 0.0505416 0.0351597 0.0530352 0.0499432 0.0570305 0.0495155 
