91
Acipenser_transmontanus_KC250344.1_540.00000       0.0000000 0.1249323 0.1099372 0.1492253 0.1379379 0.1257489 0.3278779 0.2495195 0.4540855 0.4624157 0.4330688 0.1374675 0.3230315 0.4436722 0.4157920 0.4157920 0.3223352 0.2927441 0.3153063 0.3153063 0.3355742 0.2728813 0.3656383 0.4954285 0.3846931 0.2582306 0.2169249 0.4033225 0.3593379 0.3127061 0.3127061 0.4566051 0.3285198 0.7116537 0.3487375 0.4613686 0.3900296 0.4718467 0.4087568 0.4330688 0.3784752 0.3784752 0.3839090 0.1455751 0.1648008 0.2185215 0.2509528 0.1681038 0.1594909 0.3972779 0.5330606 0.3680675 0.7242591 0.3874194 0.5108529 0.2063666 0.2217954 0.3323788 0.3549540 0.2728813 0.3549540 0.2837620 0.2785301 0.2837620 0.2698762 0.2871372 0.3029689 0.3096243 0.2698762 0.3208898 0.2698762 0.2620199 0.2728813 0.2837620 0.2957296 0.3029689 0.2698762 0.3553660 0.2902569 0.3230121 0.2863488 0.2697292 0.2698762 0.3655893 0.2871372 0.2785958 0.2697292 0.2943593 0.3230816 0.2734690 0.2734690 
Amia_calva_AF137208.1_527.00000                    0.1249323 0.0000000 0.1968471 0.2198908 0.1855898 0.2054771 0.2768460 0.3082743 0.3493451 0.3900508 0.4037472 0.2268615 0.3288347 0.4195357 0.4242503 0.4130340 0.2714455 0.3265363 0.3165348 0.3165348 0.3401445 0.3263984 0.3591191 0.4245866 0.3856687 0.2979973 0.3533819 0.3878129 0.3369353 0.3327345 0.3227341 0.4791887 0.3600851 0.4712140 0.3571749 0.3798285 0.4108602 0.4207204 0.3928897 0.3921412 0.3906294 0.3995577 0.3634301 0.2460169 0.2752598 0.2453601 0.2897962 0.2808339 0.2691128 0.3930911 0.5095593 0.4997108 0.5302822 0.3075730 0.4349313 0.2776971 0.1820173 0.3604624 0.3398299 0.3249239 0.3398299 0.3113870 0.3046164 0.3264074 0.3384340 0.3388155 0.3178273 0.3193946 0.3269997 0.3445373 0.3280056 0.3040719 0.3263984 0.3180545 0.3047836 0.3155952 0.3264144 0.3159349 0.3438736 0.3060053 0.3220530 0.3545694 0.3500845 0.3332972 0.3388155 0.3110504 0.3300516 0.3569946 0.3409770 0.3337376 0.3427168 
Gymnothorax_favagineus_HQ444181.1_488.00000        0.1099372 0.1968471 0.0000000 0.0240015 0.0197861 0.0131634 0.1883511 0.1955154 0.2769201 0.2846342 0.2531951 0.3235276 0.1976947 0.3097067 0.3159446 0.2699998 0.2200553 0.2385362 0.2272594 0.2272594 0.2731251 0.2387000 0.2711427 0.3273034 0.2795126 0.1865301 0.4122506 0.2882910 0.2300520 0.2261773 0.2187429 0.3690828 0.2910347 0.4391752 0.2649054 0.2932358 0.2770549 0.2830708 0.2481539 0.2515731 0.3213823 0.3189409 0.2833825 0.2640170 0.2673527 0.0996274 0.2714794 0.3315879 0.2468659 0.2943648 0.4572239 0.3580513 0.3847606 0.2932874 0.3111335 0.3218846 0.1707855 0.2247931 0.2324744 0.2417425 0.2549015 0.2556787 0.2485832 0.2369757 0.2520506 0.2714857 0.2369582 0.2482155 0.2401590 0.2899418 0.2268129 0.2549602 0.2555878 0.2470614 0.2407305 0.2421634 0.2399843 0.2582873 0.2764757 0.2442344 0.2596303 0.2280655 0.2254935 0.2684636 0.2479476 0.2451847 0.2634744 0.2479642 0.2112529 0.2258941 0.2390954 
Gymnothorax_reticularis_HQ444182.1_486.00000       0.1492253 0.2198908 0.0240015 0.0000000 0.0304275 0.0236224 0.1662507 0.2043129 0.2798538 0.2989846 0.2607480 0.3387057 0.1848155 0.3071264 0.2977852 0.2558509 0.2078292 0.2261797 0.2124882 0.2124882 0.2636573 0.2273294 0.2696290 0.3247689 0.2694111 0.1815618 0.4290255 0.2693013 0.2377271 0.2338170 0.2262031 0.3585345 0.2859422 0.4194490 0.2593175 0.3075586 0.2798939 0.2838103 0.2575729 0.2592816 0.3296076 0.3271641 0.2923335 0.2879569 0.2916471 0.1019053 0.3050543 0.3433829 0.2752806 0.2866650 0.4441241 0.3518447 0.3823219 0.3037898 0.3026803 0.3412073 0.1769404 0.2058318 0.2210189 0.2293867 0.2418966 0.2511638 0.2317880 0.2325864 0.2474526 0.2666738 0.2245795 0.2358664 0.2397519 0.2791067 0.2157199 0.2503697 0.2428237 0.2347558 0.2242430 0.2297461 0.2276659 0.2452308 0.2632554 0.2336814 0.2468254 0.2169317 0.2145145 0.2502293 0.2437518 0.2410194 0.2504571 0.2437434 0.2003481 0.2218853 0.2349437 
Rhinomuraena_quaesita_HQ444180.1_498.00000         0.1379379 0.1855898 0.0197861 0.0304275 0.0000000 0.0196486 0.1793617 0.1982302 0.2727186 0.2870853 0.2481733 0.3224362 0.1959575 0.2917569 0.2844392 0.2445350 0.1958236 0.2376764 0.2267413 0.2267413 0.2638692 0.2379049 0.2660750 0.3069729 0.2598098 0.1980665 0.4191223 0.2750156 0.2204836 0.2167204 0.2096300 0.3552793 0.2770939 0.4086508 0.2639458 0.2955726 0.2755419 0.2855322 0.2509647 0.2544019 0.3274577 0.3250426 0.2790214 0.2717103 0.2811274 0.1039564 0.2968983 0.3383255 0.2602265 0.2942737 0.4402088 0.3625038 0.3898356 0.2717930 0.3093256 0.3129268 0.1764209 0.2177167 0.2210918 0.2408061 0.2416863 0.2545104 0.2474749 0.2472655 0.2705068 0.2782513 0.2361351 0.2364329 0.2505544 0.2877709 0.2263058 0.2537760 0.2542984 0.2380601 0.2289102 0.2412123 0.2503441 0.2449780 0.2741518 0.2448988 0.2582479 0.2378679 0.2352576 0.2545963 0.2543914 0.2516479 0.2619860 0.2540649 0.2108919 0.2430979 0.2563145 
Strophidon_sathete_HQ444183.1_487.00000            0.1257489 0.2054771 0.0131634 0.0236224 0.0196486 0.0000000 0.1864162 0.1933651 0.2846601 0.2883116 0.2494153 0.3383200 0.1954481 0.2933747 0.2905903 0.2493977 0.2122589 0.2329384 0.2223728 0.2223728 0.2694354 0.2335461 0.2730455 0.3235594 0.2704871 0.1880345 0.4198150 0.2846493 0.2249217 0.2211238 0.2139065 0.3574348 0.2846783 0.4203487 0.2590259 0.2967853 0.2729543 0.2867560 0.2522241 0.2556785 0.3246125 0.3222039 0.2911932 0.2794820 0.2797996 0.0970331 0.2841333 0.3456639 0.2588320 0.2907271 0.4487084 0.3496691 0.3856396 0.2871102 0.3076839 0.3220670 0.1643159 0.2220815 0.2273631 0.2361011 0.2487828 0.2577786 0.2427773 0.2393008 0.2542448 0.2734773 0.2313718 0.2424895 0.2345328 0.2853838 0.2219363 0.2571057 0.2495732 0.2413703 0.2269839 0.2364881 0.2343831 0.2520987 0.2699784 0.2384501 0.2535437 0.2231545 0.2206841 0.2619390 0.2500089 0.2472705 0.2572379 0.2500375 0.2067426 0.2281797 0.2412632 
Atherina_boyeri_JF309697.1_511.00000               0.3278779 0.2768460 0.1883511 0.1662507 0.1793617 0.1864162 0.0000000 0.0781293 0.1459643 0.1661563 0.1694042 0.3268866 0.1873553 0.2283936 0.2523481 0.2523481 0.2503586 0.1119668 0.1140116 0.1140116 0.1655935 0.1277351 0.1552752 0.2192044 0.1754989 0.1150021 0.4726826 0.1560222 0.2165032 0.2031600 0.2031600 0.2583587 0.2014361 0.2516634 0.1422625 0.1592365 0.1874183 0.1520683 0.1503898 0.1476091 0.2016267 0.2060998 0.1436341 0.3472079 0.2918424 0.1958688 0.3052465 0.3611992 0.3404535 0.1768568 0.3113135 0.3000558 0.2981958 0.2380163 0.2644039 0.3785355 0.2606725 0.2119804 0.1125082 0.1324641 0.1125082 0.1429279 0.1200271 0.1368464 0.1439379 0.1534730 0.1123848 0.1291481 0.1435672 0.1611164 0.1217820 0.1459693 0.1277351 0.1267503 0.1324901 0.1117187 0.1323255 0.1024297 0.1380585 0.1270507 0.1322249 0.1631362 0.1471366 0.0966390 0.1534730 0.1535261 0.1482921 0.1337768 0.1285700 0.1514219 0.1433824 
Belone_belone_AY141268.1_509.00000                 0.2495195 0.3082743 0.1955154 0.2043129 0.1982302 0.1933651 0.0781293 0.0000000 0.1736345 0.1713542 0.1482633 0.3456030 0.2296278 0.2391501 0.2714091 0.2714091 0.2827338 0.1266140 0.1383687 0.1383687 0.1738651 0.1380098 0.1570747 0.2131591 0.1667510 0.1017055 0.4794949 0.1405980 0.2487876 0.2337967 0.2337967 0.2174431 0.1835358 0.2058863 0.1133157 0.1638453 0.1857265 0.1532418 0.1402860 0.1301492 0.1895283 0.1943974 0.1715411 0.3691683 0.2949115 0.2238707 0.3090246 0.3956077 0.3577709 0.1732973 0.3389441 0.2976763 0.3065142 0.2572844 0.2741882 0.4268378 0.2404920 0.2445778 0.1192981 0.1370774 0.1192981 0.1514400 0.1303161 0.1459536 0.1409237 0.1401925 0.1306878 0.1397088 0.1473861 0.1690005 0.1416962 0.1368264 0.1380098 0.1403284 0.1467794 0.1306878 0.1410871 0.1199169 0.1352087 0.1299454 0.1428833 0.1453557 0.1531794 0.1247965 0.1401925 0.1400411 0.1357182 0.1351376 0.1309288 0.1423457 0.1449061 
Myripristis_berndti_U57538.1_495.00000             0.4540855 0.3493451 0.2769201 0.2798538 0.2727186 0.2846601 0.1459643 0.1736345 0.0000000 0.0836386 0.1050665 0.4696065 0.2433951 0.3584285 0.3730642 0.3136645 0.3131959 0.1957469 0.1814080 0.1814080 0.2266881 0.1947549 0.2100820 0.2740116 0.2272607 0.1571758 0.5568750 0.2120945 0.3186703 0.3104558 0.3074279 0.2918618 0.2343734 0.3337300 0.2427532 0.0945858 0.1430320 0.1060918 0.1002931 0.1043215 0.1442016 0.1394696 0.0342902 0.4712093 0.4348133 0.2695371 0.4565620 0.5075868 0.4348442 0.2165472 0.3965123 0.3272380 0.3271865 0.2751536 0.3157340 0.5259108 0.3307429 0.2107778 0.1950877 0.1998250 0.2018398 0.2104307 0.1811095 0.2080030 0.2091784 0.2102226 0.1694814 0.2070793 0.1997964 0.2395839 0.1942258 0.1890508 0.2060326 0.1937089 0.2175703 0.1843925 0.2028944 0.1897979 0.2085642 0.1926964 0.2023115 0.2210804 0.2137667 0.2025573 0.2024748 0.2127853 0.2184875 0.2073190 0.2072352 0.2166481 0.2086027 
Neoniphon_sammara_U57536.1_502.00000               0.4624157 0.3900508 0.2846342 0.2989846 0.2870853 0.2883116 0.1661563 0.1713542 0.0836386 0.0000000 0.0666198 0.4171854 0.2701753 0.3598976 0.3743742 0.3178259 0.3310267 0.1792695 0.1731676 0.1731676 0.2020198 0.1812044 0.1888906 0.2644419 0.2178221 0.1626310 0.5728156 0.1767160 0.3030468 0.2949152 0.2920866 0.2805142 0.2244333 0.2933844 0.2102143 0.0119316 0.0964119 0.0505336 0.0678383 0.0626900 0.0876478 0.0834933 0.0895065 0.4947438 0.4248817 0.2959241 0.4523700 0.4991245 0.4430816 0.1847904 0.4056184 0.3043835 0.3431661 0.2573230 0.3380672 0.4960993 0.3535265 0.2170875 0.1802110 0.1984000 0.1890710 0.2141635 0.1902442 0.2067921 0.1976351 0.2055745 0.1739604 0.2146195 0.2026929 0.2151924 0.1842559 0.1772684 0.1947542 0.2011863 0.1988556 0.1837577 0.1975778 0.1751111 0.2058499 0.2039163 0.1983705 0.2111919 0.2006307 0.1873948 0.1947577 0.2111304 0.2109232 0.1867758 0.1873729 0.2019851 0.1758237 
Sargocentron_xantherythrum_U57546.1_490.00000      0.4330688 0.4037472 0.2531951 0.2607480 0.2481733 0.2494153 0.1694042 0.1482633 0.1050665 0.0666198 0.0000000 0.4493513 0.2533009 0.3344790 0.3372491 0.2920113 0.3052367 0.1693005 0.1613590 0.1613590 0.1988244 0.1695737 0.1792552 0.2541796 0.2036026 0.1582846 0.5791630 0.1485499 0.3096599 0.3015685 0.2986831 0.2351465 0.2055353 0.2722341 0.1906214 0.0633970 0.0931317 0.0570071 0.0392555 0.0268365 0.1163149 0.1154911 0.1156266 0.4948963 0.4480511 0.2752594 0.4828371 0.5339843 0.4429634 0.1729462 0.4093578 0.2934027 0.3223025 0.2775662 0.3215271 0.5104738 0.3365163 0.2370888 0.1687397 0.1731049 0.1734847 0.1915495 0.1790946 0.1910111 0.1821052 0.1898561 0.1549797 0.1918487 0.1941236 0.2086781 0.1812610 0.1674588 0.1788571 0.1793211 0.1783626 0.1683056 0.1820806 0.1695468 0.2054094 0.1899425 0.1824219 0.1944972 0.1926861 0.1835800 0.1833189 0.1904507 0.1848484 0.1863507 0.1731617 0.1928733 0.1827327 
Neoceratodus_forsteri_EF526295.1_540.00000         0.1374675 0.2268615 0.3235276 0.3387057 0.3224362 0.3383200 0.3268866 0.3456030 0.4696065 0.4171854 0.4493513 0.0000000 0.3963538 0.5179916 0.5452437 0.5158454 0.3818055 0.3595078 0.3690221 0.3690221 0.4075812 0.3710281 0.4296836 0.4632659 0.3832278 0.3472997 0.3243423 0.4636091 0.4167557 0.4134772 0.4041688 0.4882244 0.4251993 0.5347925 0.4173289 0.4109756 0.4747539 0.4549248 0.4363199 0.4279399 0.4607366 0.4687015 0.4569289 0.2435014 0.2271165 0.3231936 0.2625045 0.1816114 0.2416728 0.4425617 0.5510528 0.5637606 0.5801074 0.4747621 0.5754358 0.2365131 0.3063835 0.3389987 0.3906156 0.3730274 0.3822259 0.3719605 0.3506940 0.3955896 0.3764381 0.3861909 0.3577942 0.3729510 0.3792932 0.3984639 0.3831444 0.3638405 0.3609388 0.3794624 0.3642765 0.3577444 0.3714268 0.3850271 0.3733862 0.3833371 0.3650196 0.4132178 0.3979312 0.3835001 0.3938868 0.3721500 0.3771094 0.4034015 0.3987271 0.4064231 0.3774831 
Sardinops_melanostictus_LC007931.1_502.00000       0.3230315 0.3288347 0.1976947 0.1848155 0.1959575 0.1954481 0.1873553 0.2296278 0.2433951 0.2701753 0.2533009 0.3963538 0.0000000 0.1168709 0.1469369 0.1173825 0.2113192 0.2572627 0.2193699 0.2193699 0.2729052 0.2349296 0.2231228 0.3084154 0.2604816 0.2136551 0.5292388 0.2583377 0.2506261 0.2424972 0.2402284 0.3523283 0.2806148 0.3720878 0.2414396 0.2704397 0.2918822 0.2521851 0.2362685 0.2292904 0.3115405 0.3181796 0.2586819 0.3743696 0.3858248 0.2449098 0.3930232 0.4280102 0.3708901 0.2676426 0.3899727 0.2998921 0.4072621 0.2639374 0.3055504 0.4282636 0.2633340 0.1358841 0.2252236 0.2836419 0.2618408 0.2809633 0.2691017 0.3025734 0.2922140 0.2910670 0.2468346 0.2983343 0.2898910 0.3106473 0.2250509 0.2724822 0.2682721 0.2822598 0.2684266 0.2530255 0.2822150 0.2445769 0.2838237 0.2490752 0.2690794 0.2753816 0.2661337 0.2583931 0.2493385 0.2463373 0.2834084 0.2532444 0.2354234 0.2565826 0.2494565 
Engraulis_mordax_KT201125.1_498.00000              0.4436722 0.4195357 0.3097067 0.3071264 0.2917569 0.2933747 0.2283936 0.2391501 0.3584285 0.3598976 0.3344790 0.5179916 0.1168709 0.0000000 0.0427941 0.0427941 0.3286220 0.2927256 0.2902536 0.2902536 0.3642380 0.3062255 0.2922575 0.3226189 0.2505423 0.2541002 0.5592316 0.3492116 0.1869913 0.1894238 0.1873454 0.3325560 0.2773788 0.3259823 0.3084607 0.3417015 0.3418656 0.3361911 0.2966957 0.3023434 0.3387719 0.3507976 0.3654888 0.4688288 0.4524025 0.3540591 0.4507897 0.5139951 0.4795190 0.3229836 0.4386683 0.3668797 0.3396517 0.3250213 0.3542809 0.4822952 0.4099694 0.2347405 0.2869194 0.3177507 0.2869194 0.3276381 0.3151713 0.3436947 0.3325165 0.3344630 0.2831085 0.3371269 0.3236728 0.3596485 0.3016591 0.3182318 0.3062255 0.3230307 0.3152126 0.2821000 0.3230897 0.2736405 0.3166820 0.2743368 0.3017163 0.3649999 0.3503764 0.2794115 0.3344630 0.3216982 0.3251741 0.3187562 0.3128040 0.3276162 0.3198922 
Engraulis_encrasicolus_KT201123.1_500.00000        0.4157920 0.4242503 0.3159446 0.2977852 0.2844392 0.2905903 0.2523481 0.2714091 0.3730642 0.3743742 0.3372491 0.5452437 0.1469369 0.0427941 0.0000000 0.0035433 0.3435799 0.3140624 0.3212424 0.3212424 0.3793074 0.3352599 0.2867883 0.3212027 0.2781357 0.2600553 0.5253368 0.3277458 0.2067798 0.2091282 0.2068992 0.3259006 0.2486776 0.3138185 0.2910403 0.3715031 0.3493883 0.3617177 0.3473657 0.3535581 0.3611114 0.3580693 0.3945346 0.4616041 0.4537121 0.3627504 0.4669818 0.5408427 0.4730319 0.3287178 0.4396030 0.3715316 0.3402471 0.3403389 0.3363623 0.4526697 0.3859578 0.2475508 0.2898038 0.3194852 0.2898038 0.3328703 0.3230917 0.3304101 0.3339166 0.3443593 0.3000659 0.3503676 0.3391732 0.3749153 0.3165460 0.3127192 0.3352599 0.3293813 0.3182430 0.3052173 0.3247937 0.2890756 0.3420174 0.2851160 0.3394298 0.3700373 0.3653431 0.2958290 0.3443593 0.3463545 0.3444423 0.3333921 0.3100386 0.3291950 0.3344719 
Engraulis_japonicus_AB731902.1_502.00000           0.4157920 0.4130340 0.2699998 0.2558509 0.2445350 0.2493977 0.2523481 0.2714091 0.3136645 0.3178259 0.2920113 0.5158454 0.1173825 0.0427941 0.0035433 0.0000000 0.2815982 0.3007546 0.2653922 0.2653922 0.3068861 0.2755973 0.2300601 0.3212027 0.2781357 0.2588713 0.5361881 0.2748932 0.1836219 0.1854420 0.1839185 0.3086076 0.2377496 0.3080862 0.2797418 0.3237190 0.3229593 0.3087224 0.2966510 0.2909908 0.3353083 0.3329371 0.3279318 0.4758284 0.4778310 0.2930242 0.4900057 0.5114207 0.4454773 0.2940641 0.3830726 0.2972837 0.3337821 0.2953907 0.2990574 0.4786759 0.3305066 0.1958207 0.2383806 0.3115412 0.2795710 0.3173602 0.3086651 0.3242203 0.3135683 0.3229672 0.2811268 0.3385233 0.3181798 0.3536747 0.2548623 0.2998340 0.3192846 0.3142329 0.3042999 0.2930270 0.3102314 0.2790704 0.3283785 0.2719176 0.3229789 0.2960066 0.2931319 0.2848650 0.2743380 0.2814297 0.3272354 0.2721332 0.2531593 0.2728766 0.2670472 
Carassius_auratus_L11863.1_521.00000               0.3223352 0.2714455 0.2200553 0.2078292 0.1958236 0.2122589 0.2503586 0.2827338 0.3131959 0.3310267 0.3052367 0.3818055 0.2113192 0.3286220 0.3435799 0.2815982 0.0000000 0.2495162 0.2338662 0.2338662 0.2633790 0.2356384 0.2448974 0.4112058 0.3513178 0.2539889 0.5242239 0.2672760 0.3259064 0.3177749 0.3146975 0.3447316 0.2927353 0.3512203 0.3236969 0.3226399 0.3350184 0.3158402 0.2993978 0.2931015 0.3786502 0.3856368 0.2947515 0.4196856 0.3818039 0.2635957 0.4278842 0.4499955 0.3983269 0.3086575 0.4027397 0.4073476 0.4330068 0.2938398 0.4322800 0.4586620 0.2781251 0.2313038 0.2231628 0.2568728 0.2471995 0.2671649 0.2355783 0.2743035 0.2639721 0.2624253 0.2540641 0.2908530 0.2529267 0.2861144 0.2316960 0.2699926 0.2568301 0.2632912 0.2374210 0.2656294 0.2490413 0.2517656 0.2539984 0.2366867 0.2575181 0.2590264 0.2564932 0.2535212 0.2357602 0.2268923 0.2546452 0.2348294 0.2311971 0.2498812 0.2406981 
Dimidiochromis_compressiceps_AB084931.1_498.00000  0.2927441 0.3265363 0.2385362 0.2261797 0.2376764 0.2329384 0.1119668 0.1266140 0.1957469 0.1792695 0.1693005 0.3595078 0.2572627 0.2927256 0.3140624 0.3007546 0.2495162 0.0000000 0.0101853 0.0101853 0.0499488 0.0135118 0.1633041 0.2161572 0.1711155 0.0752610 0.4990019 0.1306216 0.2601427 0.2508543 0.2481645 0.1760465 0.1321387 0.2070582 0.1229189 0.1646902 0.2168749 0.1832803 0.1454667 0.1434011 0.1885317 0.1975220 0.1620836 0.4046832 0.3492931 0.2767186 0.3948937 0.4523671 0.4036603 0.1392809 0.2912346 0.2815399 0.2665405 0.2035767 0.2761177 0.4253829 0.3214896 0.2477863 0.0277059 0.0239462 0.0277059 0.0431279 0.0366682 0.0452122 0.0380015 0.0486959 0.0236605 0.0510208 0.0410721 0.0464280 0.0202412 0.0637882 0.0135118 0.0321878 0.0386464 0.0166804 0.0236705 0.0170177 0.0460967 0.0594354 0.0168848 0.0546172 0.0461871 0.0259352 0.0486959 0.0575523 0.0312698 0.0493685 0.0458592 0.0538641 0.0454094 
Melanochromis_vermivorus_GQ422472.1_505.00000      0.3153063 0.3165348 0.2272594 0.2124882 0.2267413 0.2223728 0.1140116 0.1383687 0.1814080 0.1731676 0.1613590 0.3690221 0.2193699 0.2902536 0.3212424 0.2653922 0.2338662 0.0101853 0.0000000 0.0000010 0.0410380 0.0149280 0.1461287 0.2227129 0.1683432 0.0736287 0.5187581 0.1239958 0.2451722 0.2371820 0.2350058 0.1903261 0.1446145 0.2229131 0.1356554 0.1622820 0.2029867 0.1761068 0.1450031 0.1358495 0.2098463 0.2181944 0.1678464 0.4407332 0.3952547 0.2575791 0.4301246 0.4413135 0.4000612 0.1234380 0.2923285 0.2543465 0.2938666 0.2236230 0.3092695 0.4577865 0.2961483 0.2218831 0.0338484 0.0277149 0.0353438 0.0487799 0.0340746 0.0531588 0.0457973 0.0497270 0.0205606 0.0566622 0.0488338 0.0438780 0.0270891 0.0694451 0.0171204 0.0379587 0.0315430 0.0135326 0.0310690 0.0243482 0.0528225 0.0650855 0.0136997 0.0565032 0.0491373 0.0246028 0.0463366 0.0505469 0.0351620 0.0530399 0.0499472 0.0570365 0.0495189 
Pseudotropheus_acei_GQ422475.1_505.00000           0.3153063 0.3165348 0.2272594 0.2124882 0.2267413 0.2223728 0.1140116 0.1383687 0.1814080 0.1731676 0.1613590 0.3690221 0.2193699 0.2902536 0.3212424 0.2653922 0.2338662 0.0101853 0.0000010 0.0000000 0.0410380 0.0149280 0.1461287 0.2227129 0.1683432 0.0736287 0.5187581 0.1239958 0.2451722 0.2371820 0.2350058 0.1903261 0.1446145 0.2229131 0.1356554 0.1622820 0.2029867 0.1761068 0.1450031 0.1358495 0.2098463 0.2181944 0.1678464 0.4407332 0.3952547 0.2575791 0.4301246 0.4413135 0.4000612 0.1234380 0.2923285 0.2543465 0.2938666 0.2236230 0.3092695 0.4577865 0.2961483 0.2218831 0.0338484 0.0277149 0.0353438 0.0487799 0.0340746 0.0531588 0.0457973 0.0497270 0.0205606 0.0566622 0.0488338 0.0438780 0.0270891 0.0694451 0.0171204 0.0379587 0.0315430 0.0135326 0.0310690 0.0243482 0.0528225 0.0650855 0.0136997 0.0565032 0.0491373 0.0246028 0.0463366 0.0505469 0.0351620 0.0530399 0.0499472 0.0570365 0.0495189 
Pundamilia_pundamilia_AY673739.1_506.00000         0.3355742 0.3401445 0.2731251 0.2636573 0.2638692 0.2694354 0.1655935 0.1738651 0.2266881 0.2020198 0.1988244 0.4075812 0.2729052 0.3642380 0.3793074 0.3068861 0.2633790 0.0499488 0.0410380 0.0410380 0.0000000 0.0340490 0.1734820 0.2567598 0.2017315 0.1134209 0.5491422 0.1442909 0.2746078 0.2665693 0.2640756 0.2253136 0.1651498 0.2475575 0.1696483 0.1909914 0.2350450 0.2011918 0.1735524 0.1718758 0.2328896 0.2412956 0.1993840 0.5021848 0.4499207 0.2836204 0.4793555 0.4781743 0.4587414 0.1574697 0.3230905 0.2933394 0.3233776 0.2471612 0.3517893 0.4733079 0.3329751 0.2675520 0.0505565 0.0546681 0.0546763 0.0660365 0.0624262 0.0695509 0.0689529 0.0649485 0.0663074 0.0746136 0.0718103 0.0033163 0.0528989 0.0885590 0.0392697 0.0545096 0.0591900 0.0581702 0.0533719 0.0659894 0.0745582 0.0890267 0.0357334 0.0655692 0.0577144 0.0702349 0.0594918 0.0599162 0.0522146 0.0664075 0.0642078 0.0668388 0.0566065 
Tramitichromis_intermedius_GQ422473.1_505.00000    0.2728813 0.3263984 0.2387000 0.2273294 0.2379049 0.2335461 0.1277351 0.1380098 0.1947549 0.1812044 0.1695737 0.3710281 0.2349296 0.3062255 0.3352599 0.2755973 0.2356384 0.0135118 0.0149280 0.0149280 0.0340490 0.0000000 0.1567772 0.2150293 0.1702089 0.0901179 0.5140994 0.1341338 0.2503008 0.2422819 0.2400456 0.1840158 0.1395598 0.2166544 0.1443580 0.1702962 0.2113045 0.1877354 0.1515633 0.1437977 0.2145003 0.2228935 0.1719910 0.4539190 0.4024837 0.2666455 0.4429273 0.4314991 0.4064772 0.1438264 0.3046508 0.2565606 0.3067445 0.2243273 0.3147949 0.4777461 0.3012914 0.2353101 0.0240546 0.0134830 0.0240865 0.0340123 0.0276460 0.0380463 0.0309130 0.0415157 0.0306922 0.0415060 0.0340382 0.0357334 0.0207505 0.0536344 0.0000010 0.0235502 0.0431532 0.0235579 0.0168062 0.0277200 0.0414448 0.0608804 0.0032946 0.0430726 0.0361022 0.0364728 0.0392497 0.0432380 0.0205524 0.0397058 0.0366792 0.0399822 0.0363614 
Pomatoschistus_minutus_FN430594.1_508.00000        0.3656383 0.3591191 0.2711427 0.2696290 0.2660750 0.2730455 0.1552752 0.1570747 0.2100820 0.1888906 0.1792552 0.4296836 0.2231228 0.2922575 0.2867883 0.2300601 0.2448974 0.1633041 0.1461287 0.1461287 0.1734820 0.1567772 0.0000000 0.2595479 0.2185346 0.1728697 0.5460430 0.1630977 0.2219803 0.2233982 0.2214593 0.1961863 0.1540977 0.1911483 0.2013391 0.1772649 0.2114651 0.1700631 0.1653495 0.1605893 0.2117249 0.2173682 0.2044950 0.4957618 0.4442588 0.2762456 0.5090969 0.4803629 0.4822596 0.1897710 0.2961108 0.2496033 0.3399901 0.2426529 0.3289715 0.4894010 0.3298267 0.2567613 0.1388604 0.1800379 0.1584950 0.1868873 0.1645543 0.1907020 0.1815722 0.1802800 0.1650943 0.1960038 0.1934866 0.1918840 0.1539866 0.1687604 0.1755415 0.1828129 0.1520971 0.1701295 0.1712294 0.1591267 0.1888082 0.1765243 0.1717397 0.1788955 0.1772088 0.1587937 0.1567036 0.1701794 0.1817176 0.1650614 0.1591872 0.1738339 0.1609305 
Dissostichus_mawsoni_DQ498794.1_504.00000          0.4954285 0.4245866 0.3273034 0.3247689 0.3069729 0.3235594 0.2192044 0.2131591 0.2740116 0.2644419 0.2541796 0.4632659 0.3084154 0.3226189 0.3212027 0.3212027 0.4112058 0.2161572 0.2227129 0.2227129 0.2567598 0.2150293 0.2595479 0.0000000 0.0594009 0.1764015 0.5790223 0.1973346 0.3126535 0.2965753 0.2965753 0.2039992 0.1742002 0.2325234 0.2284199 0.2478094 0.2810065 0.2728495 0.2700650 0.2564585 0.3158370 0.3128811 0.2878078 0.4688167 0.3809325 0.3463674 0.4136169 0.5155165 0.4476885 0.1558622 0.3801630 0.2880060 0.3500937 0.2979003 0.4043815 0.4977105 0.3391261 0.3247815 0.1938223 0.2150293 0.1938223 0.2286785 0.2162617 0.2272947 0.2298610 0.2357165 0.2147525 0.2215601 0.2362297 0.2520333 0.2188067 0.2122544 0.2150293 0.2173707 0.2429499 0.2147525 0.2226409 0.1992306 0.2359088 0.2078911 0.2195502 0.2483715 0.2386704 0.2187307 0.2357165 0.2362585 0.2311917 0.2314253 0.2076218 0.2307867 0.2339648 
Pagothenia_borchgrevinki_DQ498791.1_499.00000      0.3846931 0.3856687 0.2795126 0.2694111 0.2598098 0.2704871 0.1754989 0.1667510 0.2272607 0.2178221 0.2036026 0.3832278 0.2604816 0.2505423 0.2781357 0.2781357 0.3513178 0.1711155 0.1683432 0.1683432 0.2017315 0.1702089 0.2185346 0.0594009 0.0000000 0.1500561 0.4781827 0.1844325 0.2684548 0.2539201 0.2539201 0.1946709 0.1489957 0.2089570 0.2003328 0.2097919 0.2297572 0.2167899 0.2184951 0.2056658 0.2344657 0.2390562 0.2399689 0.4304459 0.3609091 0.2838363 0.3919258 0.4065853 0.4349608 0.1437149 0.3243669 0.2430692 0.2902768 0.2796998 0.3407980 0.4681158 0.3382675 0.2563376 0.1693187 0.1702089 0.1693187 0.1853549 0.1706275 0.1851907 0.1870267 0.1834894 0.1611289 0.1804201 0.1926716 0.1972553 0.1771763 0.1732925 0.1702089 0.1750071 0.1919639 0.1611289 0.1808354 0.1797919 0.1839224 0.1835487 0.1658007 0.2023026 0.1976280 0.1877295 0.1834894 0.1800594 0.1803722 0.1816740 0.1717998 0.1876553 0.1817609 
Acanthopagrus_butcheri_DQ354577.1_509.00000        0.2582306 0.2979973 0.1865301 0.1815618 0.1980665 0.1880345 0.1150021 0.1017055 0.1571758 0.1626310 0.1582846 0.3472997 0.2136551 0.2541002 0.2600553 0.2588713 0.2539889 0.0752610 0.0736287 0.0736287 0.1134209 0.0901179 0.1728697 0.1764015 0.1500561 0.0000000 0.4626964 0.1551704 0.2518869 0.2381533 0.2381533 0.1833527 0.1528169 0.2072159 0.1037202 0.1561738 0.1672643 0.1545693 0.1402629 0.1367212 0.1808584 0.1808584 0.1543998 0.3269024 0.2546517 0.2142690 0.2865225 0.4005284 0.3154781 0.1207300 0.3006472 0.2822053 0.2993101 0.2271294 0.2950186 0.4084523 0.2655613 0.1823308 0.1010263 0.0945114 0.1010263 0.1124994 0.0940126 0.0933152 0.0940150 0.1026002 0.0801643 0.1136006 0.0939901 0.1092034 0.0845355 0.1167632 0.0901179 0.1032324 0.0911683 0.0797363 0.0890967 0.0861481 0.1082332 0.1094358 0.0943371 0.1109478 0.0996565 0.0795573 0.1026002 0.1144232 0.1095427 0.0949627 0.1047804 0.0947568 0.0920804 
Geotria_australis_AY366493.1_499.00000             0.2169249 0.3533819 0.4122506 0.4290255 0.4191223 0.4198150 0.4726826 0.4794949 0.5568750 0.5728156 0.5791630 0.3243423 0.5292388 0.5592316 0.5253368 0.5361881 0.5242239 0.4990019 0.5187581 0.5187581 0.5491422 0.5140994 0.5460430 0.5790223 0.4781827 0.4626964 0.0000000 0.5504614 0.5055598 0.5024375 0.4916312 0.5434912 0.4650538 0.5949398 0.5160482 0.5892546 0.5866304 0.6103774 0.5726230 0.5776884 0.6244371 0.6212852 0.5770702 0.3121059 0.3168226 0.4367159 0.3034601 0.3421686 0.3107744 0.5379026 0.6698252 0.6476523 0.6424224 0.6050237 0.6466937 0.3018482 0.4440031 0.5474450 0.5384294 0.4896994 0.5269841 0.4791283 0.4846195 0.5092623 0.5116598 0.5226798 0.4824885 0.5113704 0.5141474 0.5347046 0.5142104 0.4869667 0.4997338 0.4876384 0.5288219 0.4885269 0.5035735 0.5130270 0.5051245 0.4961774 0.5038861 0.5339921 0.5308386 0.5403206 0.5344905 0.5113363 0.5077081 0.5497429 0.5263127 0.5371941 0.5268602 
Pseudopleuronectes_americanus_AY631036.1_506.00000 0.4033225 0.3878129 0.2882910 0.2693013 0.2750156 0.2846493 0.1560222 0.1405980 0.2120945 0.1767160 0.1485499 0.4636091 0.2583377 0.3492116 0.3277458 0.2748932 0.2672760 0.1306216 0.1239958 0.1239958 0.1442909 0.1341338 0.1630977 0.1973346 0.1844325 0.1551704 0.5504614 0.0000000 0.2815103 0.2736508 0.2711398 0.1860597 0.1398187 0.1734191 0.1473719 0.1654260 0.2107605 0.1716940 0.1525228 0.1530131 0.2090342 0.2174699 0.2044106 0.4994490 0.4496873 0.2955593 0.4810838 0.5052788 0.4559877 0.1282879 0.3212338 0.2764938 0.3183767 0.2348408 0.3191641 0.5131961 0.3112553 0.2431124 0.1184785 0.1514893 0.1242455 0.1509084 0.1521752 0.1583112 0.1473102 0.1622705 0.1394725 0.1590767 0.1589147 0.1553261 0.1362878 0.1606523 0.1471111 0.1468775 0.1181723 0.1442341 0.1434832 0.1231852 0.1595604 0.1508514 0.1508106 0.1540445 0.1554674 0.1328265 0.1512473 0.1620920 0.1419323 0.1537358 0.1380119 0.1596377 0.1501941 
Oncorhynchus_keta_AY214141.1_524.00000             0.3593379 0.3369353 0.2300520 0.2377271 0.2204836 0.2249217 0.2165032 0.2487876 0.3186703 0.3030468 0.3096599 0.4167557 0.2506261 0.1869913 0.2067798 0.1836219 0.3259064 0.2601427 0.2451722 0.2451722 0.2746078 0.2503008 0.2219803 0.3126535 0.2684548 0.2518869 0.5055598 0.2815103 0.0000000 0.0085193 0.0056309 0.3339794 0.2302336 0.3475098 0.3178921 0.2900798 0.3200459 0.3092090 0.2886618 0.2892521 0.3164114 0.3231220 0.2931742 0.4508355 0.4529999 0.2641828 0.4604628 0.4192748 0.4265025 0.2700745 0.3383062 0.2826944 0.2628142 0.2434925 0.2810660 0.4344175 0.3138122 0.2883164 0.2213793 0.2832746 0.2500554 0.2932917 0.2860584 0.2950783 0.2963303 0.3045237 0.2564238 0.2954818 0.2974949 0.3038562 0.2322244 0.2811348 0.2790098 0.2905091 0.2848591 0.2656355 0.2814680 0.2389349 0.2797308 0.2429152 0.2829289 0.2898815 0.2796553 0.2505468 0.2673358 0.2601884 0.2954854 0.2565122 0.2474779 0.2593219 0.2512583 
Oncorhynchus_kisutch_AY214146.1_531.00000          0.3127061 0.3327345 0.2261773 0.2338170 0.2167204 0.2211238 0.2031600 0.2337967 0.3104558 0.2949152 0.3015685 0.4134772 0.2424972 0.1894238 0.2091282 0.1854420 0.3177749 0.2508543 0.2371820 0.2371820 0.2665693 0.2422819 0.2233982 0.2965753 0.2539201 0.2381533 0.5024375 0.2736508 0.0085193 0.0000000 0.0028154 0.3369660 0.2320452 0.3507025 0.3084456 0.2818478 0.3121097 0.3010137 0.2805580 0.2810329 0.3082955 0.3150114 0.2849029 0.4475875 0.4497707 0.2608579 0.4572205 0.4160302 0.4232253 0.2621131 0.3277257 0.2729636 0.2585372 0.2402372 0.2777790 0.4441177 0.3062100 0.2802848 0.2134627 0.2740439 0.2408644 0.2840977 0.2768359 0.2859471 0.2871705 0.2953400 0.2472239 0.2861154 0.2883975 0.2945157 0.2242810 0.2721351 0.2697110 0.2812509 0.2756110 0.2563352 0.2722710 0.2298794 0.2706723 0.2339530 0.2736715 0.2818247 0.2716745 0.2413668 0.2593757 0.2522282 0.2861368 0.2485004 0.2395271 0.2512868 0.2432755 
Oncorhynchus_tshawytscha_AY214136.1_524.00000      0.3127061 0.3227341 0.2187429 0.2262031 0.2096300 0.2139065 0.2031600 0.2337967 0.3074279 0.2920866 0.2986831 0.4041688 0.2402284 0.1873454 0.2068992 0.1839185 0.3146975 0.2481645 0.2350058 0.2350058 0.2640756 0.2400456 0.2214593 0.2965753 0.2539201 0.2381533 0.4916312 0.2711398 0.0056309 0.0028154 0.0000000 0.3329003 0.2295695 0.3463597 0.3049927 0.2791274 0.3091660 0.2980975 0.2778951 0.2783265 0.3053269 0.3119707 0.2821368 0.4376477 0.4398415 0.2540218 0.4470834 0.4067676 0.4137224 0.2596887 0.3269019 0.2723516 0.2561568 0.2338119 0.2707845 0.4345801 0.3030298 0.2776478 0.2115426 0.2710917 0.2383205 0.2810355 0.2738522 0.2828835 0.2840822 0.2921439 0.2446030 0.2829703 0.2853163 0.2912754 0.2222470 0.2692798 0.2667902 0.2782018 0.2726347 0.2535764 0.2693512 0.2274998 0.2678161 0.2315510 0.2707158 0.2791629 0.2691449 0.2388201 0.2569807 0.2499071 0.2829973 0.2462025 0.2373375 0.2489532 0.2410393 
Batrachocottus_nikolskii_U97268.1_488.00000        0.4566051 0.4791887 0.3690828 0.3585345 0.3552793 0.3574348 0.2583587 0.2174431 0.2918618 0.2805142 0.2351465 0.4882244 0.3523283 0.3325560 0.3259006 0.3086076 0.3447316 0.1760465 0.1903261 0.1903261 0.2253136 0.1840158 0.1961863 0.2039992 0.1946709 0.1833527 0.5434912 0.1860597 0.3339794 0.3369660 0.3329003 0.0000000 0.1100327 0.0937675 0.2329377 0.2645923 0.2678372 0.2441562 0.2336252 0.2247203 0.2669368 0.2693106 0.2691292 0.4916945 0.4254541 0.3720097 0.4762960 0.5526982 0.4890917 0.1565052 0.3747388 0.3404546 0.3353453 0.3373118 0.4069190 0.5315816 0.4053129 0.3247745 0.1777499 0.1857768 0.1777499 0.2101101 0.1859279 0.1862410 0.1822989 0.2016397 0.1924942 0.2148290 0.1819214 0.2213240 0.1872526 0.1999497 0.1840158 0.1944132 0.1837073 0.1915751 0.1711380 0.1725192 0.1931436 0.1912897 0.1879840 0.2114199 0.2089027 0.2019622 0.2016397 0.2135261 0.1966216 0.1829387 0.1942346 0.1873061 0.1982869 
Cottocomephorus_inermis_U97266.1_494.00000         0.3285198 0.3600851 0.2910347 0.2859422 0.2770939 0.2846783 0.2014361 0.1835358 0.2343734 0.2244333 0.2055353 0.4251993 0.2806148 0.2773788 0.2486776 0.2377496 0.2927353 0.1321387 0.1446145 0.1446145 0.1651498 0.1395598 0.1540977 0.1742002 0.1489957 0.1528169 0.4650538 0.1398187 0.2302336 0.2320452 0.2295695 0.1100327 0.0000000 0.1213743 0.1644858 0.2102953 0.2342675 0.2076516 0.2043031 0.2001792 0.2374946 0.2395621 0.2188301 0.4233127 0.3808992 0.3095940 0.4214061 0.4738280 0.4299321 0.1327286 0.2991630 0.2574267 0.2557572 0.2209841 0.2975971 0.4295370 0.2970456 0.2502053 0.1358660 0.1390653 0.1358660 0.1407806 0.1354570 0.1399811 0.1410434 0.1491214 0.1364565 0.1644792 0.1455446 0.1612419 0.1326810 0.1379189 0.1395598 0.1470171 0.1295950 0.1359559 0.1359936 0.1286487 0.1478303 0.1371688 0.1433915 0.1634689 0.1616149 0.1458959 0.1491214 0.1587392 0.1409639 0.1435988 0.1488600 0.1473116 0.1368716 
Leocottus_kesslerii_L42953.1_516.00000             0.7116537 0.4712140 0.4391752 0.4194490 0.4086508 0.4203487 0.2516634 0.2058863 0.3337300 0.2933844 0.2722341 0.5347925 0.3720878 0.3259823 0.3138185 0.3080862 0.3512203 0.2070582 0.2229131 0.2229131 0.2475575 0.2166544 0.1911483 0.2325234 0.2089570 0.2072159 0.5949398 0.1734191 0.3475098 0.3507025 0.3463597 0.0937675 0.1213743 0.0000000 0.2648915 0.2780810 0.3205093 0.2831065 0.2703823 0.2611801 0.3025660 0.3135301 0.3088868 0.5761385 0.4897917 0.4447622 0.5519164 0.5977208 0.5801609 0.1957284 0.3775069 0.3733000 0.3692131 0.3396477 0.4521811 0.6248555 0.4481465 0.3563742 0.1951004 0.2157437 0.1951004 0.2419121 0.2113545 0.2270991 0.2231731 0.2324882 0.2252419 0.2475983 0.2227438 0.2433694 0.2169664 0.2308790 0.2166544 0.2249683 0.2042733 0.2239903 0.2107382 0.1886814 0.2307871 0.2213212 0.2208175 0.2558327 0.2526539 0.2082301 0.2324882 0.2458836 0.2275316 0.2267446 0.2235089 0.2319765 0.2270414 
Ictalurus_punctatus_AF028016.1_542.00000           0.3487375 0.3571749 0.2649054 0.2593175 0.2639458 0.2590259 0.1422625 0.1133157 0.2427532 0.2102143 0.1906214 0.4173289 0.2414396 0.3084607 0.2910403 0.2797418 0.3236969 0.1229189 0.1356554 0.1356554 0.1696483 0.1443580 0.2013391 0.2284199 0.2003328 0.1037202 0.5160482 0.1473719 0.3178921 0.3084456 0.3049927 0.2329377 0.1644858 0.2648915 0.0000000 0.1979718 0.2322796 0.2069973 0.1777043 0.1788250 0.2351296 0.2445959 0.2398337 0.4102691 0.3653163 0.2840918 0.3619128 0.4812860 0.3965876 0.1631156 0.3817106 0.3398069 0.3221628 0.2617404 0.2816409 0.4134840 0.3121210 0.2643916 0.1405408 0.1461263 0.1334039 0.1404876 0.1543685 0.1495634 0.1356961 0.1435747 0.1172707 0.1641857 0.1499171 0.1587268 0.1387696 0.1623613 0.1373075 0.1540347 0.1250769 0.1174235 0.1404931 0.1279681 0.1563638 0.1571070 0.1410287 0.1807814 0.1693136 0.1384543 0.1504708 0.1675281 0.1448622 0.1532501 0.1526923 0.1487529 0.1400026 
Neoniphon_argenteus_U57540.1_502.00000             0.4613686 0.3798285 0.2932358 0.3075586 0.2955726 0.2967853 0.1592365 0.1638453 0.0945858 0.0119316 0.0633970 0.4109756 0.2704397 0.3417015 0.3715031 0.3237190 0.3226399 0.1646902 0.1622820 0.1622820 0.1909914 0.1702962 0.1772649 0.2478094 0.2097919 0.1561738 0.5892546 0.1654260 0.2900798 0.2818478 0.2791274 0.2645923 0.2102953 0.2780810 0.1979718 0.0000000 0.0942448 0.0463497 0.0576039 0.0530864 0.0829838 0.0858583 0.0864977 0.4830407 0.4341678 0.3089693 0.4620881 0.5006710 0.4526238 0.1694192 0.3927783 0.3099150 0.3303615 0.2586865 0.3442643 0.5061488 0.3492867 0.2177880 0.1691768 0.1939343 0.1740521 0.1990227 0.1754211 0.2022946 0.1827906 0.1906553 0.1594988 0.2100342 0.1949836 0.1997851 0.1733844 0.1729351 0.1798517 0.1967352 0.1857020 0.1690932 0.1827644 0.1605404 0.1909132 0.1886017 0.1834809 0.2096462 0.1990154 0.1722108 0.1839398 0.2001556 0.1957016 0.1758336 0.1856366 0.1936391 0.1649435 
Neoniphon_aurolineatus_U57541.1_481.00000          0.3900296 0.4108602 0.2770549 0.2798939 0.2755419 0.2729543 0.1874183 0.1857265 0.1430320 0.0964119 0.0931317 0.4747539 0.2918822 0.3418656 0.3493883 0.3229593 0.3350184 0.2168749 0.2029867 0.2029867 0.2350450 0.2113045 0.2114651 0.2810065 0.2297572 0.1672643 0.5866304 0.2107605 0.3200459 0.3121097 0.3091660 0.2678372 0.2342675 0.3205093 0.2322796 0.0942448 0.0000000 0.0814806 0.0930783 0.0913051 0.0779663 0.0709581 0.1511424 0.5181486 0.4876663 0.2960203 0.5111920 0.5173283 0.4982144 0.1989560 0.3945443 0.2913782 0.3614861 0.3316827 0.3360075 0.5441237 0.3658353 0.2701802 0.2261010 0.2207244 0.2289714 0.2320576 0.1978550 0.2264332 0.2171178 0.2358225 0.2105866 0.2310651 0.2279228 0.2400714 0.2207607 0.1839553 0.2171791 0.2173370 0.2080952 0.2157668 0.2170116 0.2140157 0.2088261 0.1895803 0.2207402 0.2331251 0.2219764 0.2071368 0.2323080 0.2433949 0.2336275 0.2117447 0.2082811 0.2283539 0.2071079 
Sargocentron_punctatissimum_U57543.1_494.00000     0.4718467 0.4207204 0.2830708 0.2838103 0.2855322 0.2867560 0.1520683 0.1532418 0.1060918 0.0505336 0.0570071 0.4549248 0.2521851 0.3361911 0.3617177 0.3087224 0.3158402 0.1832803 0.1761068 0.1761068 0.2011918 0.1877354 0.1700631 0.2728495 0.2167899 0.1545693 0.6103774 0.1716940 0.3092090 0.3010137 0.2980975 0.2441562 0.2076516 0.2831065 0.2069973 0.0463497 0.0814806 0.0000000 0.0469837 0.0341647 0.0950671 0.0957404 0.0996263 0.5154264 0.4687991 0.3131619 0.4972429 0.5273293 0.4874202 0.1881631 0.4308774 0.3207920 0.3291408 0.2832933 0.3524600 0.5361980 0.3500484 0.2348459 0.1887805 0.2155704 0.1978796 0.2206581 0.1937349 0.2259952 0.2062287 0.2141077 0.1809084 0.2321031 0.2112739 0.2130406 0.1927036 0.1995104 0.2013033 0.2182275 0.1890736 0.1902597 0.2061520 0.1838607 0.2144959 0.2163258 0.2048960 0.2281644 0.2172948 0.1929731 0.2031660 0.2178861 0.2175247 0.1930363 0.2052430 0.2106482 0.1880944 
Sargocentron_microstoma_U57542.1_494.00000         0.4087568 0.3928897 0.2481539 0.2575729 0.2509647 0.2522241 0.1503898 0.1402860 0.1002931 0.0678383 0.0392555 0.4363199 0.2362685 0.2966957 0.3473657 0.2966510 0.2993978 0.1454667 0.1450031 0.1450031 0.1735524 0.1515633 0.1653495 0.2700650 0.2184951 0.1402629 0.5726230 0.1525228 0.2886618 0.2805580 0.2778951 0.2336252 0.2043031 0.2703823 0.1777043 0.0576039 0.0930783 0.0469837 0.0000000 0.0179515 0.0986548 0.1059997 0.0947609 0.4644695 0.4421138 0.2730703 0.4760191 0.5074488 0.4370486 0.1712167 0.3882898 0.3017080 0.3022765 0.2750094 0.3245122 0.5143810 0.3396050 0.2314793 0.1559941 0.1681957 0.1552860 0.1735564 0.1629038 0.1830288 0.1641513 0.1718545 0.1369614 0.1838556 0.1761150 0.1760944 0.1602867 0.1765178 0.1547021 0.1714949 0.1623690 0.1414885 0.1641564 0.1425111 0.1761501 0.1670394 0.1582848 0.1892452 0.1740603 0.1570535 0.1706322 0.1775460 0.1649383 0.1651475 0.1770039 0.1797359 0.1615633 
Sargocentron_diadema_U57537.1_491.00000            0.4330688 0.3921412 0.2515731 0.2592816 0.2544019 0.2556785 0.1476091 0.1301492 0.1043215 0.0626900 0.0268365 0.4279399 0.2292904 0.3023434 0.3535581 0.2909908 0.2931015 0.1434011 0.1358495 0.1358495 0.1718758 0.1437977 0.1605893 0.2564585 0.2056658 0.1367212 0.5776884 0.1530131 0.2892521 0.2810329 0.2783265 0.2247203 0.2001792 0.2611801 0.1788250 0.0530864 0.0913051 0.0341647 0.0179515 0.0000000 0.0963304 0.1037816 0.0959454 0.4757849 0.4515761 0.2777826 0.4745157 0.5121638 0.4464807 0.1647243 0.3953115 0.3007416 0.3163741 0.2605280 0.3237157 0.5191636 0.3233300 0.2247759 0.1508697 0.1667085 0.1566122 0.1752114 0.1625963 0.1848787 0.1656299 0.1734782 0.1341206 0.1857223 0.1778158 0.1818991 0.1552513 0.1683214 0.1528739 0.1731007 0.1594869 0.1424878 0.1656329 0.1435404 0.1795165 0.1761724 0.1565570 0.1855063 0.1754296 0.1566648 0.1656378 0.1725054 0.1682472 0.1600860 0.1668976 0.1746159 0.1564893 
Sargocentron_spiniferum_U57544.1_490.00000         0.3784752 0.3906294 0.3213823 0.3296076 0.3274577 0.3246125 0.2016267 0.1895283 0.1442016 0.0876478 0.1163149 0.4607366 0.3115405 0.3387719 0.3611114 0.3353083 0.3786502 0.1885317 0.2098463 0.2098463 0.2328896 0.2145003 0.2117249 0.3158370 0.2344657 0.1808584 0.6244371 0.2090342 0.3164114 0.3082955 0.3053269 0.2669368 0.2374946 0.3025660 0.2351296 0.0829838 0.0779663 0.0950671 0.0986548 0.0963304 0.0000000 0.0058916 0.1399449 0.5117280 0.4991160 0.3277561 0.5274891 0.5261480 0.5195083 0.2332359 0.3736872 0.3219484 0.3405301 0.3139929 0.3142340 0.5710475 0.3970774 0.2482248 0.2157186 0.2216625 0.2036014 0.2284855 0.2151393 0.2222681 0.2021638 0.2200859 0.1856247 0.2401988 0.2072953 0.2234063 0.2195611 0.2028302 0.2070811 0.2243600 0.2152043 0.1957401 0.2020954 0.1891451 0.2073876 0.1924704 0.2107337 0.2488286 0.2370394 0.2025769 0.2306823 0.2470457 0.2237058 0.2098292 0.2168208 0.2301484 0.2051358 
